#|seed
£|5
#|MoveX|MoveY|CamX|CamY|ButtonKeyCodes
0|0|0|0
0|0|0|0
0|0|0|0
0|0|0|-5,641369E-05
0|0|0|-0,0004479135
0|0|0|-0,0004479135
0|0|0|-0,0004479135
0|0|0|-0,0004479135
0|0|0|-0,0004479135
0|0|0|-0,0004479135
0|0|0|-0,0004479135
0|0|0|-0,0004479135
0|0|0|-0,000176638
0|0|0|-0,000176638
0|0|0|-0,000176638
0|0|0|-0,000176638
0|0|0|-0,000176638
0|0|0|-0,000176638
0|0|0|-0,000176638
0|0|0|-0,000176638
0|0|0|-0,000176638
0|0|0|-0,000426335
0|0|0|-0,000953472
0|0|0|-0,001184673
0|0|0|-0,001412792
0|0|0|-0,001727225
0|0|0|-0,003031197
0|0|0|-0,005919667
0|0|0|-0,01243336
0|0|0|-0,01713445
0|0|0|-0,02177388
0|0|0|-0,02957305
0|0|0|-0,03381481
0|0|0|-0,03902455
0|0|0|-0,04157084
0|0|0|-0,04403697
0|0|0|-0,04536253
0|0|0|-0,04588967
0|0|0|-0,0462041
0|0|0|-0,04638597
0|0|0|-0,04658019
0|0|0|-0,04658019
0|0|0|-0,04658019
0|0|0|-0,04658019
0|0|0|-0,04122557
0|0|0|-0,01605243
0|0|0|-0,008207014
0|0|0|-0,004877722
0|0|0|-0,001008961
0|0|0|0
0|0|0|0
0|0|0|0
0|0|0|0
0|0|0|0
0|0|0|0
0|0|0|0
0|0|0|0
0|0|0|0
0|0|0|0
0|0|0|0
0|0|0|0
0|0|0,002282106|0
0|0|0,007790852|0
0|0|0,009615798|0
0|0|0,01417816|0
0|0|0,01792361|0
0|0|0,02676781|0
0|0|0,05110247|0
0|0|0,05605325|0
0|0|0,06042141|0
0|0|0,06597023|0
0|0|0,06869223|0
0|0|0,07125086|0
0|0|0,0722219|0
0|0|0,07082237|0
0|0|0,04473366|0
0|0|0,01226998|0
0|0|0,005959742|0
0|0|0|0
0|0|0|0
0|0|0|0
0|0|0|0
0|0|-0,0004386652|0
0|0|-0,005999815|0
0|0|-0,01113864|0
0|0|-0,02183553|0
0|0|-0,04352217|0
0|0|-0,04955189|0
0|0|-0,05843617|0
0|0|-0,06430867|0
0|0|-0,07236987|0
0|0|-0,07700622|0
0|0|-0,0814761|0
0|0|-0,08380044|0
0|0|-0,07746863|0
0|0|-0,04879047|0
0|0|-0,02291755|0
0|0|-0,01365719|0
0|0|-0,007276045|0
0|0|-0,0007253545|0
0|0|0|0
0|0|0|0
0|0|0|0
0|0|0|0
0|0|0|0
0|0|0|0
0|0|0|0
0|0|0|0
0|0,01342324|0|0
0|0,05336106|0|0
-0,004493767|0,1044136|0|0
-0,06888404|0,1788637|0|0
-0,1079929|0,232403|0|0
-0,1411866|0,2848119|0|0
-0,1650738|0,3117888|0|0
-0,225395|0,3426087|0|0
-0,309076|0,3832624|0|0
-0,3661946|0,4028921|0|0
-0,4202614|0,4410591|0|0
-0,4828055|0,4892482|0|0
-0,520897|0,5234967|0|0
-0,5353274|0,5473464|0|0
-0,5443699|0,5762072|0|0
-0,5502476|0,6092877|0|0
-0,5569164|0,6762024|0|0
-0,5569164|0,713239|0|0
-0,5569164|0,7607877|0|0
-0,5384547|0,7996328|0|0
-0,4961055|0,8798851|0|0
-0,4662275|0,9183159|0|0
-0,4409461|0,9438987|0|0
-0,4039095|0,9681628|0|0
-0,3794193|1|0|0
-0,3478835|1|0|0
-0,3310418|1|0|0
-0,3071921|1|0|0
-0,2704946|1|0|0
-0,2149208|1|0|0
-0,1927666|1|0|0
-0,1653753|1|0|0
-0,1471395|1|0|0
-0,1377579|1|0|0
-0,1280372|1|0|0
-0,1239681|1|0|0
-0,1164703|1|0|0
-0,1093493|1|0|0
-0,09706657|1|0|0
-0,09096287|1|0|0
-0,08662998|1|0|0
-0,07122003|1|0|0
-0,03923211|1|0|0
-0,01474196|1|0|0
0|1|0|0
0|1|0|0
0|1|0|0
0|1|0|0
0|1|0|0
0|1|0|0
0|1|0|0
0|1|0|0
0|1|0|0
0|1|0|0
0|1|0|0
0|1|0|0
0|1|0|0
0|1|0|0
0|1|0|0
0|1|0|0
0|1|0|0
0|1|0|0
0|1|0|0
0|1|0|0
0|1|0|0
0|1|0|0
0|1|0|0
0|1|0|0
0|1|0|0
0|1|0|0
0|1|0|0
0|1|0|0
0|1|0|0
0|1|0|0
0|1|0|0
0|1|0|0
0|1|0|0
0|1|0|0
0|1|0|0
0|1|0|0
0|1|0|0
0|1|0|0
0|1|0|0
0|1|0|0
0|1|0|0
0|1|0|0
0|1|0|0
0|1|0|0
0|1|0|0
0|1|0|0
0|1|0|0
0|1|0|0
0|1|0|0
0|1|0|0
-0,02905927|1|0|0
-0,08267388|1|0|0
-0,1348568|1|0|0
-0,193068|1|0|0
-0,2540297|1|0|0
-0,2728306|1|0|0
-0,293553|1|0|0
-0,3083601|1|0|0
-0,3200777|1|0|0
-0,3290072|1|0|0
-0,3321345|1|0|0
-0,3345081|1|0|0
-0,3345081|1|0|0
-0,3217355|1|0|0
-0,3010885|1|0|0
-0,2300293|1|0|0
-0,1795419|1|0|0
-0,1087088|1|0|0
-0,01737935|1|0|0
0|1|0|0
0|1|0|0
0|1|0|0
0|1|0|0
0|1|0|0
0|1|0|0
0|1|0|0
0|1|0|0
0|1|0|0
0|1|0|0
0|1|0|0
0|1|0|0
0|1|0|0
0|1|0|0
-0,0009521106|1|0|0
-0,07035346|1|0|0
-0,09910115|1|0|0
-0,1226494|1|0|0
-0,1575384|1|0|0
-0,2021482|1|0|0
-0,2428395|1|0|0
-0,2743753|1|0|0
-0,2871479|1|0|0
-0,2926111|1|0|0
-0,3114873|1|0|0
-0,3297231|1|0|0
-0,342571|1|0|0
-0,3559464|1|0|0
-0,3614849|1|0|0
-0,3651773|1|0|0
-0,3679278|1|0|0
-0,3426464|1|0|0
-0,3192489|1|0|0
-0,2963788|1|0|0
-0,2562526|1|0|0
-0,2104372|1|0|0
-0,1739657|1|0|0|Joystick1Button1
-0,1480815|1|0|0
-0,114059|1|0|0
-0,0342964|1|0|0
0|1|0|0
0|1|0|0
0|1|0|0
0|1|0|0
0|1|0|0
0|1|0|0
0|1|0|0
0|1|0|0
0|1|0|0
0|1|0|0
0|1|0|0
0|1|0|0
0|1|0|-0,000565056
0|1|0|-0,002047823
0|1|0|-0,006721163
0|1|0,001551513|-0,01449568
0|1|0,02731345|-0,01913202
0|1|0,0346718|-0,02612354
0|1|0,04295496|-0,03281294
0|1|0,04654319|-0,03646592
0|1|0,04825716|-0,03995859
0|1|0,04400307|-0,04205173
0|1|0,01833977|-0,04135813
0|1|0,01580582|-0,03866078
0|1|0,01317012|-0,03478278
0|1|0,01149007|-0,0320022
0|1|0,01126195|-0,03038688
0|1|0,01397162|-0,02856193
0|1|0,02313334|-0,02747067
0|1|0,03306573|-0,02685721
0|1|0,04545501|-0,02685721
0,0159853|1|0,05141691|-0,02613895
0,1494001|1|0,06037517|-0,0253652
0,2599073|0,9941224|0,06777976|-0,02486272
0,372223|0,9911458|0,07207702|-0,02393792
0,4713893|0,9445015|0,07433046|-0,02253838
0,525682|0,916545|0,07547104|-0,01998901
0,5550326|0,9004192|0,07589954|-0,0183521
0,5707063|0,8916028|0,07625096|-0,01716836
0,5602698|0,9047521|0,07625096|-0,01476695
0,1873787|1|0,0717595|-0,01284953
0|1|0,04370405|-0,01158255
-0,05520724|1|0,03654299|-0,01094135
-0,1619467|1|0,02844788|-0,01059301
-0,4818635|0,9710262|0,02240275|-0,01032173
-0,6127163|0,8812416|0,01909503|-0,0100073
-0,9079924|0,7499366|0,01740264|-0,009736022
-1|0,4316022|0,01781264|-0,009736022
-1|0,3525932|0,02354334|-0,009736022
-1|0|0,03312122|-0,009736022
-1|0|0,04066452|-0,009736022
-1|0|0,05590221|-0,009736022
-0,9372675|-0,6191968|0,08744108|-0,009736022
-0,8875713|-0,6588709|0,09090909|-0,009736022
-0,8031744|-0,7338108|0,09090909|-0,009736022
-0,7242408|-0,78946|0,09090909|-0,009736022
-0,6925542|-0,8176048|0,09090909|-0,009736022
-0,6569871|-0,8544908|0,09090909|-0,009736022
-0,5841571|-0,8932606|0,09090909|-0,009736022
-0,2483404|-1|0,09090909|-0,009736022
-0,09062378|-1|0,09090909|-0,009736022
-0,05196699|-1|0,09090909|-0,009736022
-0,06975062|-1|0,09090909|-0,009736022
-0,1304862|-1|0,09090909|-0,009736022
-0,1929927|-1|0,09090909|-0,009736022
-0,2746391|-1|0,09090909|-0,009736022
-0,3534221|-1|0,09090909|-0,01016143
-0,38914|-0,9942731|0,09090909|-0,01223607
-0,4313761|-0,9829699|0,09090909|-0,01450184
-0,470259|-0,9644704|0,09090909|-0,01570717
-0,4911698|-0,948533|0,09090909|-0,01615724
-0,5640374|-0,9077286|0,09090909|-0,01645317
-0,6822684|-0,8305281|0,09090909|-0,0167152
-0,7422881|-0,7651206|0,09090909|-0,0167152
-0,7855039|-0,7257102|0,09090909|-0,01690325
-0,8449962|-0,6723216|0,09090909|-0,01690325
-0,8934113|-0,6201387|0,09090909|-0,01690325
-1|-0,5308061|0,09090909|-0,01690325
-1|-0,453681|0,09090909|-0,01690325
-1|-0,3347342|0,09090909|-0,01690325
-1|-0,2015831|0,09090909|-0,01834594
-1|-0,1055816|0,09090909|-0,02085216
-1|0|0,09090909|-0,02339537
-1|0|0,09090909|-0,02663526
-1|0,2093445|0,09090909|-0,03061808
-1|0,2591161|0,09090909|-0,03357745
-0,9675223|0,3537611|0,09090909|-0,03531916
-0,9364009|0,5100837|0,09090909|-0,03631487
-0,9188433|0,5548819|0,09090909|-0,03663547
-0,9032827|0,5938778|0,09090909|-0,03622239
-0,8769841|0,6266569|0,09090909|-0,0332846
-0,8344088|0,6975654|0,09090909|-0,02883321
-0,7565678|0,7667783|0,09090909|-0,02155809
-0,7167054|0,793416|0,09090909|-0,01764309
-0,695041|0,8073189|0,09090909|-0,01429222
-0,6807237|0,8173034|0,09090909|-0,01135443
-0,6605287|0,8460888|0,09090909|-0,009961057
-0,5756797|0,9140207|0,09090909|-0,009005426
-0,2967556|1|0,09090909|-0,008734152
-0,1438616|1|0,09090909|-0,008046714
0|1|0,09090909|-0,007377772
0|1|0,09090909|-0,007026347
0|1|0,09090909|-0,007026347
0|1|0,09090909|-0,006758154
0,05652593|1|0,09090909|-0,006758154
0,1315789|1|0,09090909|-0,006462218
0,2041074|1|0,08744108|-0,006190941
0,2589654|1|0,05988194|-0,005182907
0,3085862|1|0|-0,001588504
0,3226775|1|0|0
0,3388033|0,998832|0|0
0,3436637|0,997664|0|0
0,3481095|0,997664|0|0
0,3481095|0,997664|0|0
0,3515759|0,997664|-0,003595327|0
0,3515759|1|-0,01238712|0
0,3515759|0,998832|-0,0226771|0
0,3515759|0,998832|-0,03585247|0
0,3515759|0,998832|-0,04610237|0
0,3515759|0,998832|-0,05246193|0
0,3515759|0,998832|-0,05442252|0
0,3515759|0,998832|-0,05502364|0
0,3598648|0,9961569|-0,05576657|0
0,402214|0,9934818|-0,05606559|0
0,4485192|0,9882447|-0,05628445|0
0,4930537|0,9646588|-0,05628445|0
0,5763202|0,8744597|-0,05648791|0
0,6355487|0,8367448|-0,05648791|0
0,6787645|0,8068668|-0,05648791|0,0005804689
0,746395|0,7801914|-0,05584364|0
0,7671927|0,7733718|-0,04743717|0
0,7726936|0,7635381|-0,01945262|0
0,7809072|0,7568692|-0,01607401|0
0,7846373|0,7496352|-0,009335273|0
0,7846373|0,7469601|-0,005870345|0
0,7846373|0,7469601|-0,004997945|0
0,7846373|0,7410448|-0,00424269|0
0,7437199|0,7792494|-0,003956|0
0,6678004|0,8304527|-0,003656981|0
0,5767723|0,907088|-0,003656981|0
0,1897147|1|-0,003656981|0
0,07216197|1|-0,003656981|0
0|1|-0,003656981|0
0|1|-0,006163199|0
0|1|-0,03067357|0
-0,3107715|0,997664|-0,04049497|0,004011489
-0,3643108|0,9939716|-0,04759747|0,006631766
-0,4628365|0,9693685|-0,0562413|0,008928359
-0,5854757|0,8849339|-0,06269335|0,01010594
-0,6402584|0,8526823|-0,06542151|0,01055293
-0,7106016|0,807658|-0,07091793|0,01116022
-0,7448125|0,7874254|-0,07839959|0,01328418
-0,7580372|0,7809072|-0,09091218|0,01520469
-0,7640656|0,7782322|-0,09091218|0,01637611
-0,7676449|0,7758585|-0,09091218|0,01786504
-0,770546|0,7758585|-0,09091218|0,01863263
-0,7733718|0,7758585|-0,09091218|0,01893165
-0,7733718|0,7758585|-0,09091218|0,01789895
-0,7757831|0,7731457|-0,08308834|0,01388839
-0,7757831|0,7731457|-0,03352505|0,01220216
-0,7329065|0,7988416|-0,005928914|0,01147157
-0,6260164|0,8795838|0|0
-0,4901525|1|0|0
-0,3686813|1|0|0
-0,2578727|1|0|0
-0,1929927|1|0|0
-0,07498775|1|0|0
-0,02762754|1|0|0
0|1|0|0|Joystick1Button1
0|1|0|0
0|1|0|0
0|1|0|0
0|1|0|0
0|1|0|0
0|1|0|0
0|1|0|0
0|1|0|0
0|1|0|0
0|1|0|0
0|1|0|0
0|1|0|0
0|1|0|0
0|1|0|0
0|1|0|0
0|1|0|0
0|1|0|0
0|1|0|0
0|1|0|0
0|1|0|0
0|1|0|0
0|1|0|0
0|1|0|0
0|1|0|0
0|1|0|0
0|1|0|0
0|1|0|0
0|1|0|0
0,02608277|1|0|0
0,07875547|1|0|0
0,2366605|0,9964961|0|0
0,2870726|0,9964961|0|0
0,3839406|0,9866623|0|0
0,5690485|0,8691095|0|0
0,6381484|0,8321105|0|0
0,7422504|0,7202847|0|0
0,8024963|0,6515992|0|0
0,8452222|0,599454|0|0
0,8806764|0,561174|0|0
0,9304479|0,4887584|0|0
1|0,454736|0|0
1|0,3980318|0|0
1|0,3431739|0|0
1|0,282702|0|0
1|0,2267137|0|0
1|0,1624365|0|0
1|0,1062975|0|0
1|0,06602059|0|0
1|0|0|0
1|0|0|0
1|-0,03633096|-0,003179166|0
0,9685773|-0,3445679|-0,006305001|0
0,9085951|-0,4600484|-0,008049797|0
0,807658|-0,767871|-0,009002345|0
0,6191215|-0,8484247|-0,009541811|0
0,3647252|-0,8974804|-0,009541811|0
0,3239208|-1|-0,009541811|0
0,2526356|-1|-0,007581231|0
0,1958184|-1|-0,004347501|0
0,1767161|-1|-0,002710599|0
0,1696705|-1|-0,001585422|0
0,1624741|-1|-0,0005897172|0
0,1596484|-1|0|0
0,1596484|-1|0|0
0,1596484|-1|0|0
0,1596484|-1|0|0
0,1596484|-1|0|0
0,1596484|-1|0|0
0,1882453|-1|0|0
0,2332319|-1|0|0
0,3473937|-0,9773937|0|0
0,4698822|-0,9138323|0|0
0,8023456|-0,5449728|0|0
0,8128198|-0,2325537|0|0
0,4733485|0|0|0
0,1283009|0|0|0
0,06300642|0|0|0
0,04510975|0|0|0
0,09815921|0|0|0
0,565846|-0,6643341|0|0
0,6480199|-0,7009563|0|0
0,6327606|-0,7566808|-0,003869686|0
0,5887536|-0,8162107|-0,03046703|0
0,4742527|-0,9006453|-0,04507893|0,01029399
0,3578303|-1|-0,0564016|0,01910428
0,1830082|-1|-0,06859975|0,02824134
0,09672748|-1|-0,07418865|0,03253859
0|-1|-0,08068077|0,03719343
0|-1|-0,08501809|0,04025762
0|-1|-0,08611245|0,04100054
0|-1|-0,09091218|0,03971506
0|-1|-0,09091218|0,00878964
0|-1|-0,08657177|0,006736576
0|-1|-0,061189|0,00566997
-0,03772503|-1|-0,03408609|0,005435686
-0,0818073|-1|-0,02803172|0,004883887
-0,1120621|-1|-0,024351|0,002910973
-0,1350075|-1|-0,02247365|0,00156076
-0,1526027|-1|-0,02177696|0,001067532
-0,1642826|-1|-0,02380228|0,000565056
-0,1792405|-1|-0,03149356|0,0003831772
-0,1902799|-1|-0,03755102|0,0003831772
-0,2044465|-1|-0,04235075|0,0003831772
-0,2374517|-1|-0,04717514|0,0003831772
-0,268347|-1|-0,05433929|0,0003831772
-0,2915184|-1|-0,06426243|0,0008240003
-0,324712|-1|-0,07754876|0,002479398
-0,3496167|-1|-0,09091218|0,00361074
-0,4044746|-1|-0,09091218|0,005713128
-0,4395144|-0,9965714|-0,09091218|0,006354325
-0,477493|-0,9922385|-0,09091218|0,004153292
-0,4941463|-0,9869637|-0,0832733|0,0003924255
-0,5005514|-0,9829699|-0,03087703|0,001024374
-0,507597|-0,9793529|-0,02335529|0,002328347
-0,507597|-0,9793529|-0,01583972|0,002328347
-0,5102721|-0,9793529|-0,01151473|0,00211256
-0,5102721|-0,9793529|-0,009927148|0,001924516
-0,5102721|-0,9793529|-0,01112631|0,001924516
-0,5102721|-0,9793529|-0,01420591|0,001924516
-0,5102721|-0,9793529|-0,01616649|0,001924516
-0,5102721|-0,9793529|-0,01722693|0,001924516
-0,5102721|-0,9793529|-0,0177664|0,001924516
-0,5102721|-0,9793529|-0,01797602|0,001924516
-0,5102721|-0,9793529|-0,01857406|0,003043529
-0,5102721|-0,9793529|-0,02484731|0,005719293
-0,5102721|-0,9793529|-0,0386762|0,0103803
-0,5102721|-0,9754722|-0,04548275|0,01159796
-0,5102721|-0,9754722|-0,04899393|0,009403092
-0,5102721|-0,9754722|-0,04720288|0,006687254
-0,5129095|-0,970235|-0,01935706|0,005287718
-0,609024|-0,9008714|-0,008838963|0,00417487
-0,9209909|-0,8127444|-0,003025032|0,002383835
-1|-0,5066174|0|0
-1|-0,3828479|0|0
-1|-0,3124293|0|0
-1|-0,2230214|0|0
-1|-0,1388129|0|0
-1|-0,08444473|0|0
-1|-0,05720412|0|0
-1|-0,01854735|0|0
-1|0|0|0
-1|0|0|0
-1|0|0|0
-1|0|0|0
-1|0|0|0
-1|0|0|0
-1|0|0|0
-1|0|0|0
-1|0|0,006801313|0
-1|0,07223731|0,0166813|0
-1|0,1430704|0,02397491|0
-1|0,287487|0,03542706|-0,0004386652
-1|0,3227905|0,03831861|-0,0007407683
-1|0,3667598|0,03983529|-0,0009842998
-1|0,4007822|0,04005724|-0,001212417
-1|0,4350685|0,03335242|-0,001212417
-1|0,4539448|0,02660443|-0,001212417
-1|0,4753077|0,01499199|-0,001212417
-1|0,4926769|0,004751331|-0,000565056
-1|0,5011919|0,0009010668|-0,0002999451
-1|0,5011919|0|0
-1|0,5052611|0|0
-1|0,5052611|0|0
-1|0,5052611|0|0
-0,9741911|0,5208594|0|0
-0,9463477|0,5690485|0|0
-0,8973297|0,6341923|0|0
-0,8198654|0,7145578|0|0
-0,7206237|0,8039657|0|0
-0,6603026|0,8770594|0|0
-0,60552|0,9169219|0|0
-0,5199552|0,9540339|0|0
-0,4432068|1|0|0
-0,4138562|1|0|0
-0,3977304|1|0|0
-0,3915514|1|0|0
-0,3876329|1|0|0
-0,3840536|1|0|0
-0,3840536|1|0|0
-0,3804366|1|0|0
-0,3830363|0,997664|0|0
-0,3948293|0,997664|0|0
-0,4270809|0,9917488|0|0
-0,4540578|0,989262|0|0
-0,4692793|0,989262|0|0
-0,4751946|0,989262|0|0
-0,4789624|0,989262|0|0
-0,4815621|0,9867376|0|0
-0,4815621|0,9867376|0|0
-0,4684128|0,9867376|0|0
-0,4438849|0,9907314|0|0
-0,4180761|1|0|0
-0,362766|1|0|0
-0,333943|1|0|0
-0,3222254|1|0|0
-0,3088123|1|0|0
-0,3051576|1|0|0
-0,3016913|1|0|0
-0,3016913|1|0|0
-0,3016913|1|0|0
-0,2978106|1|0|0
-0,2978106|1|0|0
-0,2978106|1|0|0
-0,2978106|1|0|0
-0,2941936|1|0|0
-0,2941936|1|0|0
-0,2906519|1|0|0
-0,2593045|1|-0,001221666|-0,0001396457
-0,1958938|1|-0,004880805|-0,0008085865
-0,1107434|1|-0,007581231|-0,001332643
-0,008788963|1|-0,01081804|-0,001554595
0|1|-0,01409493|-0,002057071
0|1|-0,01686934|-0,002334512
0|1|-0,01895939|-0,002593457
0|1|-0,02069186|-0,002806162
0,02668561|1|-0,02233801|-0,003015784
0,09352491|1|-0,02518949|-0,003015784
0,1640566|1|-0,03025741|-0,003015784
0,2359069|1|-0,03670945|-0,003015784
0,3073429|0,9964961|-0,04450555|-0,003015784
0,3746343|0,9934818|-0,05314013|-0,003015784
0,4181515|0,9909198|-0,06191959|-0,003197662
0,4684128|0,9881694|-0,0720986|-0,003197662
0,4913959|0,9881694|-0,07819305|-0,004248855
0,5019078|0,9857203|-0,08131272|-0,005398693
0,511214|0,9857203|-0,08429366|-0,006847554
0,5429005|0,9596854|-0,08708658|-0,007806265
0,5728916|0,9012858|-0,08854777|-0,008120698
0,5913534|0,8667735|-0,08929686|-0,008336486
0,6039376|0,8506477|-0,08958046|-0,008336486
0,6640327|0,8178685|-0,08977158|-0,008533779
0,7104509|0,7967317|-0,08779251|-0,00801897
0,756078|0,7517451|-0,05551071|-0,001539182
0,8018557|0,678463|-0,04654319|0
0,8858382|0,5681819|-0,0238886|0
1|0,4310747|-0,01530026|0
1|0,383413|-0,009846997|0
1|0,331607|-0,0003924255|0
1|0,3142378|0|0
1|0,3079457|0|0
1|0,3177041|0|0
0,998832|0,3835638|0|0
0,9524514|0,4820142|0|0
0,8712195|0,7795132|0|0
0,7466964|0,8365564|0|0
0,6223993|0,9099139|0|0
0,5391328|1|0|0
0,1785246|1|0|0
0,1001938|1|0|0
0|1|0|0
0|1|0|0
0|1|0|0
-0,6210807|0,9652617|0|0
-0,7278201|0,6438754|0|0
-1|0,5306554|0|0
-1|0,2333449|0|0
-1|0,09416544|0|0
-1|0|0|0
-1|0|0|0
-1|0|0|0
-1|0|0|0
-1|-0,2452886|0|0
-1|-0,2988278|0|0
-1|-0,3408002|0|0
-0,9608911|-0,4634393|0|0
-0,8930345|-0,5775259|0|0
-0,798088|-0,6991478|0|0
-0,6853202|-0,8078087|0|0
-0,3212081|-1|0|0
0|-1|0|0
0|-1|0|0
0|-1|0|0
0,02593207|-1|0|0
0,3715071|-0,9803702|0|0
0,4795275|-0,9245327|0|0
0,7725806|-0,5971934|0|0
1|-0,4817505|0|0
1|-0,3477328|0|0
1|-0,01312183|0|0
1|0|0|0
1|0,1953663|0|0
0,9540715|0,513211|0|0
0,8111997|0,6924789|0|0
0,5117416|0,9814628|0|0
0,4751946|0,9857957|0|0
0,4391376|1|0|0
0,4035327|1|0|0
0,3633688|1|0|0
0,2987148|1|0|0
0,2508271|1|0|