#|seed
£|9
#|MoveX|MoveY|CamX|CamY|ButtonKeyCodes
0|0|0|0
0|0|0|0
0|0|0|0
0|0|0|0
0|0|0|0
0|0|0|0
0|0|0|0
0|0|0|0
0|0|0|0
0|0|0|0
0|0|0|0
0|0|0|0
0|0|0|0
0|0|0|0
0|0|0|0
0|0|0|0
0|0|0|0
0|0|0|0
0|0|0|0
0|0|0|0
0|0|0|0
0|0|0|0
0|0|0|0
0|0|0|0
0|0|0|0
0|0|0|0
0|0|0|0
0|0|0|0
0|0|0|0
0|0|0|0
0|0|0|0
0|0|0|0
0|0|0|0
0|0|0|0
0|0|0|0
0|0|0|0
0|0|0|0
0|0|0|0
0|0|0|0
0|0|0|0
0|0|0|0
0|0|0|0
0|0|0|0
0|0|0|0
0|0|0|0
0|0|0|-0,002806162
0|0|-0,0002382916|-0,005774781
0|0|0|-0,0009750514
0|0|0|0
0|0|0|0
0|0|0|0
0|0|0|0
0|0|0|0
0|0|0|0
0|0|0|0
0|0|0|0
0|0|0|0
0|0|0|0
0|0|0|0
0|0|0|0
0|0|0|0
0|0|-0,01477003|0
0|0|-0,01703889|0
0|0|-0,04186061|0
0|0|-0,07274288|-0,000565056
0|0|-0,07782621|-0,03132709
0|0|-0,08021837|-0,0331952
0|0|-0,08363089|-0,03598194
0|0|-0,08674131|-0,03849432
0|0|-0,08794048|-0,03946845
0|0|-0,08836589|-0,03981063
0|0|-0,08897009|-0,04032543
0|0|-0,08917663|-0,0406337
0|0|-0,08948489|-0,04082175
-0,122348|0|-0,08973151|-0,04082175
-0,1784493|0|-0,08973151|-0,0410067
-0,4650972|0|-0,08994114|-0,0410067
-0,5305424|0|-0,08994114|-0,0410067
-0,6154668|0|-0,08994114|-0,04118859
-0,7027271|0|-0,08994114|-0,04223361
-0,7871616|0|-0,08994114|-0,04377187
-1|0|-0,0896082|-0,04514674
-1|0|-0,08864333|-0,04702717
-1|0|-0,08835047|-0,0483219
-1|0|-0,08749041|-0,05099458
-1|0|-0,08665191|-0,05328193
-1|0|-0,08480848|-0,05597619
-1|0|-0,08153158|-0,05998676
-1|0|-0,08005498|-0,06160824
-1|0|-0,07668871|-0,06449363
-1|0|-0,05269929|-0,06605346
-1|0|-0,03069207|-0,06151268
-1|0|-0,003154505|-0,02810878
-1|0|0|-0,000565056
-1|0|0|-0,000565056
-1|0|0|-0,0002598701
-1|0|0|0
-1|0|0|0
-1|0,07099397|0|0
-1|0,413065|0|0
-0,9919371|0,4179254|0|0
-0,9675977|0,4846893|0|0
-0,942806|0,5368722|0|0
-0,8993642|0,5877364|0|0
-0,8797345|0,6222486|0|0
-0,836142|0,6767299|0,00103054|0
-0,786069|0,7113928|0,003219241|0
-0,7034053|0,7417607|0,005327792|0
-0,6599635|0,7534029|0,007738448|0
-0,6417277|0,7575474|0,009868576|0
-0,6146755|0,7635381|0,0138329|0
-0,5696514|0,7673057|0,02124982|0
-0,5202942|0,7709981|0,02508776|0
-0,4794522|0,7709981|0,02684488|0
-0,409561|0,7709981|0,02843555|0
-0,3582071|0,7709981|0,02923396|0
-0,3329257|0,7709981|0,02871915|0
-0,2963035|0,7504264|0,0243325|0
0|0,3968638|0|0
0|0|0|0
0|0|0|0
0|0|0|0
0|0|0|0
0|0|0|0
0|0|0|0
0|0|0|0
0|0|0|0
0|0|0|0
0|0|0|0
0|0|0|0
0|0|0|0
0|0|0|0
0|0|0|0
0|0|0|0
0|0|0|0
0|0|0|0
0|0|0|0
0|0|0|0
0|0|0|0
0|0|0|0
0|0|0|0
0|0|0|0
0|0|0|0
0|0|0|0
0|0|0|0
0|0|0|0
0|0|0|0
0|0|0|0
0|0|0|0
0|0|0|0
0|0|0|0
0|0|0|0
0|0|0|0
0|0|0|0
0|0|0|0
0|0|0|0
0|0|0|0
0|0|0|0
0|0|0|0
0|0|0|0
0|0|0|0
0|0|0|0
0|0|0|0
0|0|0|0
0|0|0|0
0|0|0|0
0|0|0|0
0|0|0|0
0|0|0|0
0|0|0|0
0|0|0|0
0|0|0|0
0|0|0|0
0|0|0|0
0|0|0|0
0|0|0|0
0|0|0|0
0|0|0|0
0|0|0|0
0|0|0|0
0|0|0|0
0|0|0|0
0|0|0|0
0|0|0|0
0|0|0|0
0|0|0|0
0|0|0|0
0|0|0|0
0|0|0|0
0|0|0|0
0|0|0|0
0|0|0|0
0|0|0|0
0|0|0|0
0|0|0|0
0|0|0|0
0|0|0|0
0|0|0|0
0|0|0|0
0|0|0|0
0|0|0|0
0|0|0|0
0|0|0|0
0|0|0|0
0|0|0|0
0|0|0|0
0|0|0|0
0|0|0|0
0|0|0|0
0|0|0|0
0|0|0|0
0|0|0|0
0|0|0|0
0|0|0|0
0|0|0|0
0|0|0|0
0|0|0|0
0|0|0|0
0|0|0|0
0|0|0|0
0|0|0|0
0|0|0|0
0|0|0|0
0|0|0|0
0|0|0|0
0|0|0|0
0|0|0|0
0|0|0|0
0|0|0|0
0|0|0|0
0|0|0|0
0|0|0|0
0|0|0|0
0|0|0|0
0|0|0|0
0|0|0|0
0|0|0|0
0|0|0|0
0|0|0|0
0|0|0|0
0|0|0|0
0|0|0|0
0|0|0|0
0|0|0|0
0|0|0|0
0|0|0|0
0|0|0|0
0|0|0|0
0|0|0|0
0|0|0|0
0|0|0|0
0|0|0|0
0|0|0|0
0|0|0|0
0|0|0|0
0|0|0|0
0|0|0|0
0|0|0|0
0|0|0|0
0|0|0|0
0|0|0|0
0|0|0|0
0|0|0|0
0|0|0|0
0|0|0|0
0|0|0|0
0|0|0|0
0|0|0|0
0|0|0|0
0|0|0|0
0|0|0|0
0|0|0|0
0|0|0|0
0|0|0|0
0|0|0|0
0|0|0|0
0|0|0|0
0|0|0|0
0|0|0|0
0|0|0|0
0|0|0|0
0|0|0|0
0|0|0|0
0|0|0|0
0|0|0|0
0|0|0|0
0|0|0|0
0|0|0|0
0|0|0|0
0|0|0|0
0|0|0|0
0|0|0|0
0|0|0|0
0|0|0|0
0|0|0|0
0|0|0|0
0|0|0|0
0|0|0|0
0|0|0|0
0|0|0|0
0|0|0|0
0|0|0|0
0|0|0|0
0|0|0|0
0|0|0|0
0|0|0|0
0|0|0|0
0|0|0|0
0|0|0|0
0|0|0|0
0|0|0|0
0|0|0|0
0|0|0|0
0|0|0|0
0|0|0|0
0|0|0|0
0|0|0|0
0|0|0|0
0|0|0|0
0|0|0|0
0|0|0|0
0|0|0|0
0|0|0|0
0|0|0|0
0|0|0|0
0|0|0|0
0|0|0|0
0|0|0|0
0|0|0|0
0|0|0|0
0|0|0|0
0|0|0|0
0|0|0|0
0|0|0|0
0|0|0|0
0|0|0|0
0|0|0|0
0|0|0|0
0|0|0|0
0|0|0|0
0|0|0|0
0|0|0|0
0|0|0|0
0|0|0|0
0|0|0|0
0|0|0|0
0|0|0|0
0|0|0|0
0|0|0|0
0|0|0|0
0|0|0|0
0|0|0|0
0|0|0|0
0|0|0|0
0|0|0|0
0|0|0|0
0|0|0|0
0|0|0|0
0|0|0|0
0|0|0|0
0|0|0|0
0|0|0|0
0|0|0|0
0|0|0|0
0|0|0|0
0|0|0|0
0|0|0|0
0|0|0|0
0|0|0|0
0|0|0|0
0|0|0|0
0|0|0|0
0|0|0|0
0|0|0|0
0|0|0|0
0|0|0|0
0|0|0|0
0|0|0|0
0|0|0|0
0|0|0|0
0|0|0|0
0|0|0|0
0|0|0|0
0|0|0|0
0|0|0|0
0|0|0|0
0|0|0|0
0|0|0|0
0|0|0|0
0|0|0|0
0|0|0|0
0|0|0|0
0|0|0|0
0|0|0|0
0|0|0|0
0|0|0|0
0|0|0|0
0|0|0|0
0|0|0|0
0|0|0|0
0|0|0|0
0|0|0|0
0|0|0|0
0|0|0|0
0|0|0|0
0|0|0|0
0|0|0|0
0|0|0|0
0|0|0|0
0|0|0|0
0|0|0|0
0|0|0|0
0|0|0|0
0|0|0|0
0|0|0|0
0|0|0|0
0|0|0|0
0|0|0|0
0|0|0|0
0|0|0|0
0|0|0|0
0|0|0|0
0|0|0|0
0|0|0|0
0|0|0|0
0|0|0|0
0|0|0|0
0|0|0|0
0|0|0|0
0|0|0|0
0|0|0|0
0|0|0|0
0|0|0|0
0|0|0|0
0|0|0|0
0|0|0|0
0|0|0|0
0|0|0|0
0|0|0|0
0|0|0|0
0|0|0|0
0|0|0|0
0|0|0|0
0|0|0|0
0|0|0|0
0|0|0|0
0|0|0|0
0|0|0|0
0|0|0|0
0|0|0|0
0|0|0|0
0|0|0|0
0|0|0|0
0|0|0|0
0|0|0|0
0|0|0|0
0|0|0|0
0|0|0|0
0|0|0|0
0|0|0|0
0|0|0|0
0|0|0|0
0|0|0|0
0|0|0|0
0|0|0|0
0|0|0|0
0|0|0|0
0|0|0|0
0|0|0|0
0|0|0|0
0|0|0|0
0|0|0|0
0|0|0|0
0|0|0|0
0|0|0|0
0|0|0|0
0|0|0|0
0|0|0|0
0|0|0|0
0|0|0|0
0|0|0|0
0|0|0|0
0|0|0|0
0|0,2267137|0|0
-0,1744555|0,3088876|0|0
-0,2250936|0,593388|0|0
-0,2629592|0,6292566|0|0
-0,3446056|0,7140679|0|0
-0,4090712|0,9860971|0|0
-0,4502524|0,9860971|0|0
-0,4766264|0,9860971|0|0
-0,485782|0,9860971|0|0
-0,4964823|0,9860971|0|0
-0,4996094|0,9860971|0|0
-0,5033772|0,9860971|0|0
-0,5062783|0,9860971|0|0
-0,501644|0,9860971|0|0
-0,4927523|0,9860971|0|0
-0,46197|1|0|0
-0,4077525|1|0|0
-0,3481095|1|0|0
-0,2718886|1|0|0
-0,1945751|1|0|0
-0,1496639|1|0|0
0|1|0|0
0|1|0|0
0|1|0|0
0|1|0|0
0|1|0|0
0|1|0|0
0|1|0|0
0|1|0|0
0|1|0|0
0|1|0|0
0|1|0|0
0|1|0|0
0|1|0|0
0|1|0|0
0|1|0|0
0|1|0|0
0|1|0|0
0|1|0|0
0|1|0|0
0|1|0|0
0|1|0|0
0|1|0|0
0|1|0|0
0|1|0|0
0|1|0|0
0|1|0|0
0|1|0|0
0|1|0|0
0|1|0|0
0|1|0|0
0|1|0|0
0|1|0|0
0|1|0|0
0|1|0|0
0|1|0|0
0|1|0|0
0|1|0|0
0|1|0|0
0|1|0|0
0|1|0|0
0|1|0|0
0|1|0|0
0|1|0|0
0|1|0|-0,0001180663
0|1|0|-0,001095276
0|1|0|-0,004017654
0|1|0|-0,008231676
0|1|0|-0,0135832
0|1|0|-0,01562085
0|1|0|-0,01888233
0|1|0,003370292|-0,02346627
0|1|0,00687838|-0,02936343
0|1|0,009190387|-0,03603435
0|1|0,01078722|-0,06171305
0|1|0,01298208|-0,06536295
0|1|0,01551296|-0,06910223
0|1|0,01862646|-0,07106898
0|1|0,02352484|-0,0674869
0|1|0,02744601|-0,04311217
0|1|0,02883938|-0,02233493
0|1|0|0
0|1|0|0
0|1|0|0
0|1|0|0
0|1|0|0
0|1|0|0
0|1|0|0
0|1|0|0
0|1|0|0
0|1|0|0
0|1|0|0
0,01760541|1|0|0
0,02898392|1|0|0
0,04620239|1|0|0
0,05784464|1|0|0
0,06183842|1|0|0
0,06733929|1|0|0
0,07140843|1|0|0
0,07140843|1|0|0
0,07781354|1|0|0
0,09910115|1|0|0
0,1180527|1|0|0
0,1315035|1|0|0
0,136816|1|0|0
0,1443891|1|0|0
0,1497393|1|0|0
0,1497393|1|0|0
0,1544112|1|0|0
0,1544112|1|0|0
0,1578775|1|0|0
0,1578775|1|0|0
0,1578775|1|0|0
0,1578775|1|0|0
0,1578775|1|0|0
0,1578775|1|0|0
0,1578775|1|0|0
0,1578775|1|0|0
0,1615322|1|0|0
0,1615322|1|0|0
0,1615322|1|0,001298732|0
0,1615322|1|0,005441851|-0,001141516
0,1615322|1|0,009412341|-0,002374588
0,1615322|1|0,01229773|-0,003021949
0,1615322|1|0,01331193|-0,003021949
0,1615322|1|0,01406718|-0,003021949
0,1615322|1|0,01047895|-0,00242391
0,1615322|1|0,005226064|-0,0009411419
0,1615322|1|0,0004201695|0
0,1615322|1|0|0
0,1615322|1|0|0
0,1615322|1|0|0
0,1615322|1|0|0
0,1615322|1|0|0
0,1615322|1|0|0
0,1615322|1|0|0
0,1615322|1|0|0
0,1615322|1|0|0
0,1615322|1|0|0
0,1615322|1|0|0
0,1615322|1|0|0
0,1615322|1|0|0
0,1615322|1|0|0
0,1615322|1|0|0
0,1615322|1|0|0
0,1615322|1|0|0
0,1615322|1|0|0
0,1615322|1|0|0
0,1650738|1|0|0
0,1650738|1|0|0
0,1650738|1|0|0
0,1650738|1|0|0
0,1650738|1|0|0
0,1650738|1|0|0
0,1650738|1|0|0
0,1650738|1|0|0
0,1650738|1|0|0
0,1650738|1|0|0
0,1650738|1|0|0
0,1650738|1|0|0
0,1650738|1|0|0
0,1650738|1|0|0
0,1650738|1|0|0
0,1650738|1|0|0
0,1650738|1|0|0
0,1650738|1|0|0
0,1650738|1|0|0
0,1650738|1|0|0
0,1688039|1|0|0
0,1736643|1|0|0
0,207423|1|0|0
0,2330812|1|0|0
0,2427642|1|0|0
0,2571192|1|0|0
0,2662748|1|0|0
0,2723784|1|0|0
0,2723784|1|0|0
0,2764476|1|0|0
0,2800269|1|0|0
0,2800269|1|0|0
0,2800269|1|0|0
0,2800269|1|0|0
0,2835686|1|0|0
0,2835686|1|0|0
0,2835686|1|0|0
0,2835686|1|0|0
0,2835686|1|0|0
0,2835686|1|0|0
0,2835686|1|0|0
0,2835686|1|0|0
0,2835686|1|0|0
0,2728306|1|0|0
0,2431786|1|0|0
0,2306322|1|0|0
0,2129615|1|0|0
0,1963836|1|0|0
0,1901292|1|0|0
0,184553|1|0|0
0,184553|1|0|0
0,1814258|1|0|0
0,1814258|1|0|0
0,1814258|1|0|0
0,178826|1|0|0
0,178826|1|0|0
0,178826|1|0|0
0,178826|1|0|0
0,1590455|1|0|0
0,1192207|1|0|0
0,06730161|1|0|0
0,01832129|1|0|0
0|1|0|0
0|1|0|0
0|0|0|0
0|0|0|0
0|0|0|0
0|0|0|0
0|0|0|0
0|0|0|0
0|0|0|0
0|0|0|0
0|0|0|0
0|0|0|0
0|0|0|0
0|0|0|0
0|0|0|0
0|0|0|0
0|0|0|0
0|0|0|0
0|0|0|0
0|0|0|0
0|0|0|0
0|0|0|0
0|0|0|0
0|0|0|0
0|0|0|0
0|0|0|0
0|0|0|0
0|0|0|0
0|0|0|0
0|0|0|0
0|0|0|0
0|0|0|0
0|0|0|0
0|0|0|0
0|0|0|0
0|0|0|0
0|0|0|0
0|0|0|0
0|0|0|0
0|0|0|0
0|0|0|0
0|0|0|0
0|0|0|0
0|0|0|0
0|0|0|0
0|0|0|0
0|0|0|0
0|0|0|0
0|0|0|0
0|0|0|0
0|0|0|0
0|0|0|0
0|0|0|0
0|0|0|0
0|0|0|0
0|0|0|0
0|0|0|0
0|0|0|0
0|0|0|0
0|0|0|0
0|0|0|0
0|0|0|0
0|0|0|0
0|0|0|0
0|0|0|0
0|0|0|0
0|0|0|0
0|0|0|0
0|0|0|0
0|0|0|0
0|0|0|0
0|0|0|0
0|0|0|0
0|0|0|0
0|0|0|0
0|0|0|0
0|0|0|0
0|0|0|0
0|0|0|0
0|0|0|0
0|0|0|0
0|0|0|0
0|0|0|0
0|0|0|0
0|0|0|0
0|0|0|0
0|0|0|0
0|0|0|0
0|0|0|0
0|0|0|0
0|0|0|0
0|0|0|0
0|0|0|0
0|0|0|0
0|0|0|0
0|0|0|0
0|0|0|0
0|0|0|0
0|0|0|0
0|0|0|0
0|0|0|0
0|0|0|0
0|0|0|0
0|0|0|0
0|0|0|0
0|0|0|0
0|0|0|0
0|0|0|0
0|0|0|0
0|0|0|0
0|0|0|0
0|0|0|0
0|0|0|0
0|0|0|0
0|0|0|0
0|0|0|0
0|0|0|0
0|0|0|0
0|0|0|0
0|0|0|0
0|0|0|0
0|0|0|0
0|0|0|0
0|0|0|0
0|0|0|0
0|0|0|0
0|0|0|0
0|0|0|0
0|0|0|0
0|0|0|0
0|0|0|0
0|0|0|0
0|0|0|0
0|0|0|0
0|0|0|0
0|0|0|0
0|0|0|0
0|0|0|0
0|0|0|0
0|0|0|0
0|0|0|0
0|0|0|0
0|0|0|0
0|0|0|0
0|0|0|0
0|0|0|0
0|0|0|0
0|0|0|0
0|0|0|0
0|0|0|0
0|0|0|0
0|0|0|0
0|0|0|0
0|0|0|0
0|0|0|0
0|0|0|0
0|0|0|0
0|0|0|0
0|0|0|0
0|0|0|0
0|0|0|0
0|0|0|0
0|0|0|0
0|0|0|0
0|0|0|0
0|0|0|0
0|0|0|0
0|0|0|0
0|0|0|0
0|0|0|0
0|0|0|0
0|0|0|0
0|0|0|0
0|0|0|0
0|0|0|0
0|0|0|0
0|0|0|0
0|0|0|0
0|0|0|0
0|0|0|0
0|0|0|0
0|0|0|0
0|0|0|0
0|0|0|0
0|0|0|0
0|0|0|0
0|0|0|0
0|0|0|0
0|0|0|0
0|0|0|0
0|0|0|0
0|0|0|0
0|0|0|0
0|0|0|0
0|0|0|0
0|0|0|0
0|0|0|0
0|0|0|0
0|0|0|0
0|0|0|0
0|0|0|0
0|0|0|0
0|0|0|0
0|0|0|0
0|0|0|0
0|0|0|0
0|0|0|0
0|0|0|0
0|0|0|0
0|0|0|0
0|0|0|0
0|0|0|0
0|0|0|0
0|0|0|0
0|0|0|0
0|0|0|0
0|0|0|0
0|0|0|0
0|0|0|0
0|0|0|0
0|0|0|0
0|0|0|0
0|0|0|0
0|0|0|0
0|0|0|0
0|0|0|0
0|0|0|0
0|0|0|0
0|0|0|0
0|0|0|0
0|0|0|0
0|0|0|0
0|0|0|0
0|0|0|0
0|0|0|0
0|0|0|0
0|0|0|0
0|0|0|0
0|0|0|0
0|0|0|0
0|0|0|0
0|0|0|0
0|0|0|0
0|0|0|0
0|0|0|0
0|0|0|0
0|0|0|0
0|0|0|0
0|0|0|0
0|0|0|0
0|0|0|0
0|0|0|0
0|0|0|0
0|0|0|0
0|0|0|0
0|0|0|0
0|0|0|0
0|0|0|0
0|0|0|0
0|0|0|0
0|0|0|0
0|0|0|0
0|0|0|0
0|0|0|0
0|0|0|0
0|0|0|0
0|0|0|0
0|0|0|0
0|0|0|0
0|0|0|0
0|0|0|0
0|0|0|0
0|0|0|0
0|0|0|0
0|0|0|0
0|0|0|0
0|0|0|0
0|0|0|0
0|0|0|0
0|0|0|0
0|0|0|0
0|0|0|0
0|0|0|0
0|0|0|0
0|0|0|0
0|0|0|0
0|0|0|0
0|0|0|0
0|0|0|0
0|0|0|0
0|0|0|0
0|0|0|0
0|0|0|0
0|0|0|0
0|0|0|0
0|0|0|0
0|0|0|0
0|0|0|0
0|0|0|0
0|0|0|0
0|0|0|0
0|0|0|0
0|0|0|0
0|0|0|0
0|0|0|0
0|0|0|0
0|0|0|0
0|0|0|0
0|0|0|0
0|0|0|0
0|0|0|0
0|0|0|0
0|0|0|0
0|0|0|0
0|0|0|0
0|0|0|0
0|0|0|0
0|0|0|0
0|0|0|0
0|0|0|0
0|0|0|0
0|0|0|0
0|0|0|0
0|0|0|0
0|0|0|0
0|0|0|0
0|0|0|0
0|0|0|0
0|0|0|0
0|0|0|0
0|0|0|0
0|0|0|0
0|0|0|0
0|0|0|0
0|0|0|0
0|0|0|0
-0,1677113|0|0|0
-0,4804318|0|0|0
-0,530128|0|0|0
-0,6092501|0|0|0
-0,9093864|0|0|0
-0,9253615|0|0|0
-1|0|0|0
-1|0,02529156|0|0
-1|0,09646375|0|0
-0,9767908|0,4732732|0|0
-0,6099659|0,8310556|0|0
-0,3181562|1|0|0
0|1|0|0
0|1|0|0
0|1|0|0
0|1|0|0
0|1|0|0
0|1|0|0
0|1|0|0
0|1|0|0
0|1|0|0
0|1|0|0
0|1|0|0
0|1|0|0
0|1|0|0
0|1|0|0
0|1|0|0
0|1|0|0
0|1|0|0
0|1|0,0009781342|0
0|1|0,006357407|0
0|1|0,03415083|0
0|1|0,03880876|0
0|1|0,06056321|0
0|1|0,06431483|-0,0005866335
0|1|0,06971261|-0,001206253
0|1|0,07825162|-0,001924516
0|1|0,08240707|-0,002235867
0|1|0,08521231|-0,002451654
0|1|0,08702184|-0,002451654
0|1|0,08760755|-0,00268902
0|1|0,08641763|-0,00268902
0|1|0,08245331|-0,002889393
0|1|0,07672261|-0,002889393
0|1|0,06737593|-0,002889393
0|1|0,06499919|-0,002889393
0|1|0,06006999|-0,002889393
0|1|0,05802617|-0,002889393
0|1|0,05401869|-0,002889393
0|0,9907314|0,04986016|-0,002889393
0|0,9295814|0,04283781|-0,002494812
0|0,5639998|0,01787121|-0,001727225
0|0,2250182|0,01193397|-0,0004756575
0|0,1433341|0,006542366|0
0|0|0,002901725|0
0|0|0,000426335|0
0|0|0|0
0|0|0|0
0|0|0|0
0|0|0|0
0|0|0|0
0|0|0|0
0|0|0|0
0|0|0|0
0|0|0|0
0|0|0|0
0|0|0|0
0|0|0|0
0|0|0|0
0|0|0|0
0|0|0|0
0|0|0|0
0|0|0|0
0|0|0|0
0|0|0|0
0|0|0|0
0|0|0|0
0|0|0|0
0|0|0|0
0|0|0|0
0|0|0|0
0|0|0|0
0|0|0|0
0|0|0|0
0|0|0|0
0|0|0|0
0|0|0|0
0|0|0|0
0|0|0|0
0|0|0|0
0|0|0|0
0|0|0|0
0|0|0|0
0|0|0|0
0|0|0|0
0|0|0|0
0|0|0|0
0|0|0|0
0|0|0|0
0|0|0|0
0|0|0|0
0|0|0|0
0|0|0|0
0|0|0|0
0|0|0|0
0|0|0|0
0|0|0|0
0|0|0|0
0|0|0|0
0|0|0|0
0|0|0,001298732|0
0|0|0,003937505|0
0|0|0,006573194|0
0|0|0,008626258|0
0|0|0,009985718|0
-0,00871361|0|0,01085812|0
-0,06059508|0|0,01116947|0
-0,1506058|0|0,01161337|0
-0,4413982|0|0,01190006|0
-0,5019831|-0,06051972|0,01190006|0
-0,5800879|-0,116734|0,01219908|0
-0,649866|-0,1729484|0,01256284|0
-0,7065325|-0,2293888|0,01436929|0
-0,7493338|-0,2855278|0,01897789|0
-0,7814347|-0,3356008|0,02594166|0
-0,8129705|-0,4198092|0,03695915|0
-0,8169643|-0,4504784|0,04061212|0
-0,8129705|-0,5072203|0,04641372|0
-0,7690766|-0,5738335|0,05196871|0
-0,740668|-0,5885276|0,05316171|0
-0,4211279|-0,5977208|0,05487876|0
-0,1235159|-0,5229693|0,05580973|0
-0,04492137|-0,167749|0,05507604|0
0|0|0,04995571|0
0|0|0,02343236|0
0|0|0,01619115|0
0|0|0,009329109|0
0|0|0,004769829|0
0|0|0,0006914449|0
0|0|0|0
0|0|0|0
0|0|0|0
0|0|0|0
0|0|0|0
0|0|0|0
0|0|0|0
0|0|0|0
0|0|0|0
0|0|0|0
0|0|0|0
0|0|0|0
0|0|0|0
0|0|0|0
0|0|0|0
0|0|0|0
0|0|0|0
0|0|0|0
0|0|0|0
0|0|0|0
0|0|0|0
0|0|0|0
0|0|0|0
0|0|0|0
0|0|0|0
0|0|0|0
0|0|0|0
0|0|0|0
0|0|0|0
0|0|0|0
0|0|0|0
0|0|0|0
0|0|0|0
0|0|0|0
0|0|0|0
0|0|0|0
0|0|0|0
0|0|0|0
0|0|0|0
0|0|0|0
0|0|0|0
0|0|0|0
0|0|0|0
0|0|0|0
0|0|0|0
0|0|0|0
0|0|0|0
0|0|0|0
0|0|0|0
0|0|0|0
0|0|0|0
0|0|0|0
0|0|0|0
0|0|0|0
0|0|0|0
0|0|0|0
0|0|0|0
0|0|0|0
0|0|0|0
0|0|0|0
0|0|0|0
0|0|0|0
0|0|0|0
0|0|0|0
0|0|0|0
0|0|0|0
0|0|0|0
0|0|0|0
0|0|0|0
0|0|0|0
0|0|0|0
0|0|0|0
0|0|0|0
0|0|0|0
0|0|0|0
0|0|0|0
0|0|0|0
0|0|0|0
0|0|0|0
0|0|0|0
0|0|0|0
0|0|0|0
0|0|0|0
0|0|0|0
0|0|0|0
0|0|0|0
0|0|0|0
0|0|0|0
0|0|0|0
0|0|0|0
0|0|0|0
0|0|0|0
0|0|0|0
0|0|0|0
0|0|0|0
0|0|0|0
0|0|0|0
0|0|0|0
0|0|0|0
0|0|0|0
0|0|0|0
0|0|0|0
0|0|0|0
0|0|0|0
0|0|0|0
0|0|0|0
0|0|0|0
0|0|0|0
0|0|0|0
0|0|0|0
0|0|0|0
0|0|0|0
0|0|0|0
0|0|0|0
0|0|0|0
0|0|0|0
0|0|0|0
0|0|0|0
0|0|0|0
0|0|0|0
0|0|0|0
0|0|0|0
0|0|0|0
0|0|0|0
0|0|0|0
0|0|0|0
0|0|0|0
0|0|0|0
0|0|0|0
0|0|0|0
0|0|0|0
0|0|0|0
0|0|-0,00203241|0
0|0|-0,006662591|0
0|0|-0,01201104|0
0|0|-0,01324102|0
0|0|-0,01522011|0
0|0|-0,01757219|0
0|0|-0,0187097|0
0|0|-0,01945262|0
0|0|-0,01992427|0
0|0|-0,02020171|0
0|0|-0,01891315|0
0|0|-0,01633603|0
0|0|-0,01462207|0
0|0|-0,0103618|0
0|0|-0,006943117|0
0|0|-0,004618776|0
0|0|-0,003102099|0
0|0|-0,002275942|0
0|0|-0,004057729|0
0|0|-0,03069207|0
0|0|-0,03663238|0,002947966
0|0|-0,06150343|0,008096037
0|0|-0,06457686|0,01149315
0|0|-0,06603497|0,01208502
0|0|-0,06098246|0,01025391
0|0|-0,0305965|0,008037467
0|0|-0,003401119|0,003185331
0|0|0|0
0|0|0|0
0|0|0|0
0|0|0|0
0|0|0|0
0|0|0|0
0|0|0|0
0|0|0|0
0|0|0|0
0|0|0|0
0|0|0|0
0|0|0|0
0|0|0|0
0|0|0|0
0|0|0|0
0|0|0|0
0|0|0|0
0|0|0|0
0|0|0|0
0|0|0|0
0|0|0|0
0|0|0|0
0|0|0|0
0|0|0|0
0|0|0|0
0|0|0|0
0|0|0|0
0|0|0|0
0|0|0|0
0|0|0|0
0|0|0|0
0|0|0|0
0|0|0|0
0|0|0|0
0|0|0|0
0|0|0|0
0|0|0|0
0|0|0|0
0|0|0|0
0|0|0|0
0|0|0|0
0|0|0|0
0|0|0|0
0|0|0|0
0|0|0|0
0|0|0|0
0|0|0|0
0|0|0|0
0|0|0|0
0|0|0|0
0|0|0|0
0|0|0|0
0|0|0|0
0|0|0|0
0|0|0|0
0|0|0|0
0|0|0|0
0|0|0|0
0|0|0|0
0|0|0|0
0|0|0|0
0|0|0|0
0|0|0|0
0|0|0|0
0|0|0|0
0|0|0|0
0|0|0|0
0|0|0|0
0|0|0|0
0|0|0|0
0|0|0|0
0|0|0|0
0|0|0|0
0|0|0|0
0|0|0|0
0|0|0|0
0|0|0|0
0|0|0|0
0|0|0|0
0|0|0|0
0|0|0|0
0|0|0|0
0|0|0|0
0|0|0|0
0|0|0|0
0|0|0|0
0|0|0|0
0|0|0|0
0|0|0|0
0|0|0|0
0|0|0|0
0|0|0|0
0|0|0|0
0|0|0|0
0|0|0|0
0|0|0|0
0|0|0|0
0|0|0|0
0|0|0|0
0|0|0|0
0|0|0|0
0|0|0|0
0|0|0|0
0|0|0|0
0|0|0|0
0|0|0|0
0|0|0|0
0|0|0|0
0|0|0|0
0|0|0|0
0|0|0|0
0|0|0|0
0|0|0|0