#|seed
£|8
#|MoveX|MoveY|CamX|CamY|ButtonKeyCodes
0|0|0|0
0|0|0|0
0|0|0|0
0|0|0|0
0|0|0|0
0|0|0|0
0|0|0|0
0|0|0|0
0|0|0|0
0|0|0|0
0|0|0|0
0|0|0|0
0|0|0|0
0|0|0|0
0|0|0|0
0|0|0|0
0|0|0|0
0|0|0|0
0|0|0|0
0|0|0|0
0|0|0|0
0|0|0|0
0|0|0|0
0|0|0|0
0|0|0|0
0|0|0|0
0|0|0|0
0|0|0|0
0|0|0|0
0|0|0|0
0|0|0|0
0|0|0|0
0|0|0|0
0|0|0|0
0|0|0|0
0|0|0|0
0|0|0|0
0|0|0|0
0|0|0|0
0|0|0|0
0|0|0|0
0|0|0|0
0|0|0|0
0|-0,02261649|0|0
-0,02826805|-0,05068597|0|0
-0,06379763|-0,07513846|0|0
-0,09329885|-0,09944023|0|0
-0,1170732|-0,123742|0|0
-0,1351582|-0,1411112|0|0
-0,1428443|-0,1476293|0|0
-0,1555792|-0,1579152|0|0
-0,1701603|-0,165413|0|0
-0,1851181|-0,1709138|0|0
-0,1971371|-0,1748323|0|0
-0,2052001|-0,1772813|0|0
-0,2107763|-0,1772813|0|0
-0,2107763|-0,1798057|0|0
-0,2147701|-0,1798057|0|0
-0,2173321|-0,182217|0|0
-0,2173321|-0,182217|0|0
-0,2197811|-0,182217|0|0
-0,2197811|-0,182217|0|0
-0,2197811|-0,182217|0|0
-0,2197811|-0,182217|0|0
-0,2197811|-0,182217|0|0
-0,2197811|-0,182217|0|0
-0,2197811|-0,182217|0|0
-0,2197811|-0,182217|0|0
-0,2197811|-0,182217|0|0
-0,2197811|-0,182217|0|0
-0,2197811|-0,182217|0|0
-0,2197811|-0,182217|0|0
-0,2197811|-0,182217|0|0
-0,2163148|-0,182217|0|0
-0,2020728|-0,182217|0|0
-0,1936332|-0,1851181|0|0
-0,1900915|-0,1851181|0|0
-0,1841008|-0,1851181|0|0
-0,1792405|-0,1851181|0|0
-0,1755481|-0,1851181|0|0
-0,1755481|-0,1851181|0|0
-0,1719311|-0,1877178|0|0
-0,1719311|-0,1877178|0|0
-0,1719311|-0,1877178|0|0
-0,1719311|-0,1877178|0|0
-0,1719311|-0,1877178|0|0
-0,1683518|-0,1877178|0|0
-0,1683518|-0,1877178|0|0
-0,1683518|-0,1877178|0|0
-0,1683518|-0,1877178|0|0
-0,1683518|-0,1877178|0|0
-0,1683518|-0,1877178|0|0
-0,1683518|-0,1902422|0|0
-0,1683518|-0,1902422|0|0
-0,1683518|-0,1902422|0|0
-0,1683518|-0,1902422|0|0
-0,1683518|-0,1902422|0|0
-0,1683518|-0,1902422|0|0
-0,1683518|-0,1902422|0|0
-0,1683518|-0,1902422|0|0
-0,1683518|-0,1902422|0|0
-0,1683518|-0,1902422|0|0
-0,1683518|-0,1902422|0|0
-0,1683518|-0,1902422|0|0
-0,1683518|-0,1902422|0|0
-0,1683518|-0,1902422|0|0
-0,1683518|-0,1902422|0|0
-0,1683518|-0,1902422|0|0
-0,1683518|-0,1902422|0|0
-0,1683518|-0,1902422|0|0
-0,1683518|-0,1902422|0|0
-0,1683518|-0,1902422|0|0
-0,1683518|-0,1902422|0|0
-0,1683518|-0,1902422|0|0
-0,1683518|-0,1902422|0|0
-0,1683518|-0,1902422|0|0
-0,1683518|-0,1902422|0|0
-0,1683518|-0,1902422|0|0
-0,1683518|-0,1902422|0|0
-0,1683518|-0,1902422|0|0
-0,1683518|-0,1902422|0|0
-0,1683518|-0,1902422|0|0
-0,1683518|-0,1902422|0|0
-0,1683518|-0,1902422|0|0
-0,1683518|-0,1902422|0|0
-0,1683518|-0,1902422|0|0
-0,1683518|-0,1865498|0|0
-0,1712529|-0,1827068|0|0
-0,1712529|-0,1827068|0|0
-0,173815|-0,1787507|0|0
-0,173815|-0,1719311|0|0
-0,173815|-0,1513217|0|0
-0,1763393|-0,1325585|0|0
-0,1763393|-0,1180905|0|0
-0,1763393|-0,1050165|0|0
-0,1763393|-0,08858921|0|0
-0,1763393|-0,06933617|0|0
-0,1763393|-0,05965314|0|0
-0,1602135|-0,04141739|0|0
-0,1252114|-0,01963999|0|0
-0,07238802|0|0|0
-0,0204312|0|0|0
0|0|0|0
0|0|0|0
0|0|0|0
0|0|0|0
0|0|0|0
0|0|0|0
0|0|0|0
0|0|0|0
0|0|0|0
0|0|0|0
0|0|0|0
0|0|0|0
0|0|0|0
0|0|0|0
0|0|0|0
0|0|0|0
0|0|0|0
0|0|0|0
-0,007545617|0|0|0
-0,02397286|0|0|0
-0,04940495|0|0|0
-0,06262963|0|0|0
-0,08429399|0|0|0
-0,1151516|-0,01719097|0|0
-0,1371927|-0,03049101|0|0
-0,1676359|-0,04299982|0|0
-0,1865122|-0,04921657|0|0
-0,2237749|-0,05863585|0|0
-0,252937|-0,06579451|0|0
-0,2742246|-0,07129538|0|0
-0,2882406|-0,07506311|0|0
-0,2970193|-0,07758748|0|0
-0,2999958|-0,07758748|0|0
-0,3032737|-0,07758748|0|0
-0,3032737|-0,07758748|0|0
-0,2988278|-0,08003649|0|0
-0,2742246|-0,08003649|0|0
-0,2365851|-0,06805515|0|0
-0,1977023|-0,05196699|0|0
-0,1517738|-0,03056637|0|0
-0,09488129|-0,00539801|0|0
-0,04164345|0|0|0
-0,012519|0|0|0
0|0|0|0
0|0|0|0
0|0|0|0
0|0|0|0
0|0|0|0
0|0|0|0
0|0|0|0
0|0|0|0
0|0|0|0
0|0|0|0
0|0|0|0
0|0|0|0
0|0|0|0
0|0|0|0
0|0|0|0
-0,04608937|0|0|0
-0,08531128|0|0|0
-0,1569356|0|0|0
-0,2072346|0|0|0
-0,2407296|0|0|0
-0,2621679|0|0|0
-0,2758824|0|0|0
-0,2846612|0|0|0
-0,2905765|0|0|0
-0,2941182|0|0|0
-0,2941182|0|0|0
-0,2941182|0|0|0
-0,2602464|0|0|0
-0,2045972|0|0|0
-0,1670331|0|0|0
-0,08459543|0|0|0
0|0|0|0
0|0|0|0
0|0|0|0
0|0|0|0
0|0|0|0
0|0|0|0
0|0|0|0
0|0|0|0
0|0|0|0
0|0|0|0
0|0|0|0
0|0|0|0
0|0|0|0
0|0|0|0
0|0|0|0
0|0|0|0
-0,01338557|0|0|0
-0,1052049|0|0|0
-0,1490987|0|0|0
-0,4030429|0|0|0
-0,4138562|0|0|0
-0,4217684|0|0|0
-0,4217684|0|0|0
-0,3918528|0|0|0
-0,3242599|0|0|0
-0,02005442|0|0|0
0|0|0|0
0|0|0|0
0|0|0|0
0|0|0|0
0|0|0|0
0|0|0|0
0|0|0|0
0|0|0|0
0|0|0|0
0|0|0|0
0|0|0|0
0|0|0|0
0|0|0|0
0|0|0|0
0|0|0|0
0|0|0|0
0|0|0|0
0|0|0|0
-0,1258519|0|0|0
-0,1766407|0|0|0
-0,2668023|0|0|0
-0,3880097|0|0|0
-0,4193194|0|0|0
-0,4653609|0|0|0
-0,4948622|0|0|0
-0,5130979|0|0|0
-0,5107242|0|0|0
-0,4569589|0|0|0
-0,1246839|0|0|0
-0,0775498|0|0|0
0|0|0|0
0|0|0|0
0|0|0|0
0|0|0|0
0|0|0|0
0|0|0|0
0|0|0|0
0|0|0|0
0|0|0|0
0|0|0|0
0|0|0|0
0|0|0|0
0|0|0|0