#|seed
£|5
#|MoveX|MoveY|CamX|CamY|ButtonKeyCodes
0|0|0|0
0|0|0|0
0|0|0|0
0|0|0|0
0|0|0|0
0|0|0|0
0|0|0|0
0|0|0|0
0|0|0|0
0|0|0|0
0|0|0|0
0|0|0|0
0|0|0|0
0|0|0|0
0|0|0|0
0|0|0|0
0|0|0|0
0|0|0|0
0|0|0|0
0|0|0|0
0|0|0|0
0|0|0|0
0|0|0|0
0|0|0|0
0|0|0|0
0|0|0|0
0|0|0|0
0|0|0|0
0|0|0|0
0|0|0|0
0|0|0|0
0|0|0|0
0|0|0|0
0|0|0|0
0|0|0|0
0|0|0|0
0|0|0|0
0|-0,0496687|0|0
-0,1200496|-0,3714694|0|0
-0,1342916|-0,3814539|0|0
-0,2138281|-0,4166067|0|0
-0,4792638|-0,4877412|0|0
-0,5090287|-0,5316728|0|0
-0,5795228|-0,7997835|0|0
-0,6343807|-0,8023832|0|0
-0,6710783|-0,8049453|0|0
-0,6838509|-0,8049453|0|0
-0,704724|-0,8049453|0|0
-0,7213396|-0,8049453|0|0
-0,7371264|-0,795752|0|0
-0,7462819|-0,7842982|0|0
-0,7740123|-0,7456791|0|0
-0,8243113|-0,6942497|0|0
-0,870805|-0,624773|0|0
-1|-0,5427875|0|0
-1|-0,2784445|0|0
-1|-0,2261109|0|0
-1|-0,1853065|0|0
-1|-0,09981699|0|0
-1|-0,007922377|0|0
-1|0|0|0
-1|0|0|0
-1|0|0|0
-1|0,2176712|0|0
-1|0,261339|0|0
-1|0,3218486|0|0
-0,9896011|0,3507093|0|0
-0,9773183|0,4210149|0|0
-0,9590826|0,4891729|0|0
-0,923553|0,5480623|0|0
-0,8843311|0,6195736|0|0
-0,85272|0,674846|0|0
-0,8213348|0,7117319|0|0
-0,7940566|0,7438706|0|0
-0,757585|0,7722792|0|0
-0,7028778|0,8134604|0|0
-0,6285784|0,8854613|0|0
-0,5620028|0,9228371|0|0
-0,4929783|1|0|0
-0,4215047|1|0|0
-0,3395192|1|0|0
-0,2624317|1|0|0
-0,2330812|1|0|0
-0,1804838|1|0|0
-0,1261533|1|0|0
-0,08647928|1|0|0
-0,07114468|1|0|0
-0,04940495|1|-0,001961508|0
-0,0298505|1|-0,005269222|0
-0,01832129|1|-0,005216816|0
0|1|-0,002886311|0
0|1|0|0
0|1|0|0
0|1|0|-0,0241907
0|1|0|-0,02866675
0|1|0,00495787|-0,05231396
0|1|0,008096037|-0,07471887
0|1|0,0132102|-0,09091218
0|1|0,01649633|-0,09091218
0|1|0,0186018|-0,09091218
0|1|0,01921834|-0,09091218
0|1|0,0180685|-0,09091218
0|1|0,01699265|-0,09091218
0|1|0,01458199|-0,09091218
0|1|0,01246727|-0,09091218
0|1|0,0110739|-0,04702101
0|1|0|0
0|1|0|0
0|1|0|0
0|1|0|0
0|1|0|0
0|1|0|0
0|1|0|0
0|1|0|0
0|1|0|0
0|1|0|0
0|1|0|0
0|1|0|0
0|1|0|0
0|1|0|0
0|1|0|0
0|1|0|0
0|1|0|-0,002981874
0|1|0,00242391|-0,02923704
0|1|0,009554145|-0,03431729
0,0004999799|1|0,03087086|-0,05596077
0,0250655|1|0,0322519|-0,05916367
0,0420579|1|0,03373466|-0,06442273
0,05298428|1|0,03492766|-0,06905599
0,06051972|1|0,03571375|-0,07257949
0,06553078|1|0,03601585|-0,07493157
0,06553078|1|0,03643201|-0,0758533
0,06997668|1|0,0359357|-0,07445993
0,06997668|1|0,03171551|-0,05109322
0,07412117|1|0,007081835|-0,04548584
0,07412117|1|0,003382622|-0,01709746
0,07788888|1|0|-0,01113556
0,07788888|1|0|-0,005984402
0,07788888|1|0|-0,001471363
0,07788888|1|0|0
0,07788888|1|0|0
0,07788888|1|0|0
0,07788888|1|0|0
0,07788888|1|0|0
0,07788888|1|0|0
0,07788888|1|0|0
0,07788888|1|0|0
0,07788888|1|0|0
0,07788888|1|0|0
0,07788888|1|0|0
0,07788888|1|0|0
0,07788888|1|0|0
0,07788888|1|0|0
0,07788888|1|0|0
0,07788888|1|0|0
0,07788888|1|0|0
0,07788888|1|0|0
0,07788888|1|0|0
0,07788888|1|0|0
0,07788888|1|0|0
0,07788888|1|0|0
0,07788888|1|0|0
0,07788888|1|0|0
0,07788888|1|0|0
0,07788888|1|0|0
0,07788888|1|0|0
0,07788888|1|0|0
0,07788888|1|0|0
0,07788888|1|0|0
0,06436279|1|0|0
0,0420579|1|0|0
0,02348305|1|0|0
0,001102815|1|0|-0,000620544
0|1|0|-0,001616248
0|1|0|-0,003136008
0|1|0|-0,005364785
0|1|0|-0,00861701
0|1|0|-0,01386064
0|1|0|-0,01929232
0|1|0|-0,02179854
0|1|0,002306768|-0,02671849
0|1|0,004816067|-0,03081229
0|1|0,006912289|-0,03352812
0|1|0,008336486|-0,03521435
0|1|0,009961057|-0,03300099
0|1|0,007106497|-0,02281582
0|1|0,001884441|-0,01268306
0|1|0|-0,008259418
0|1|0|-0,006616353
0|1|0|-0,004282765
0|1|0|-0,002787666
0|1|0|-0,002272859
0|1|0|-0,001517602
0|1|0|-0,001224748
0|1|0|-0,0008301649
0|1|0|-0,000565056
0|1|0|-0,000565056
0,01127565|1|0|-0,000565056
0,02272951|1|0|-0,000287614
0,032827|1|0|-0,000287614
0,04134204|1|0|-0,000287614
0,0451851|1|0|-0,000287614
0,05136415|1|0|-0,000287614
0,05573472|1|0|-0,000287614
0,05573472|1|0|-0,000287614
0,060369|1|0|-0,000287614
0,060369|1|0|-0,000287614
0,060369|1|0|-0,000287614
0,060369|1|0|-0,000287614
0,060369|1|0|-0,000287614
0,06402369|1|0|-0,000287614
0,06402369|1|0|-0,000287614
0,06402369|1|0|-0,000287614
0,06402369|1|0|-0,000287614
0,06402369|1|0|-0,000287614
0,06402369|1|0|-0,000287614
0,06402369|1|0|-0,000287614
0,06402369|1|0|-0,000287614
0,06402369|1|0|-0,000287614
0,06402369|1|0|-0,000287614
0,06402369|1|0|-0,000287614
0,06402369|1|0|-0,000287614
0,06402369|1|0|-0,000287614
0,06402369|1|0|-0,000287614
0,06402369|1|0|-0,000287614
0,06402369|1|0|-0,000287614
0,06402369|1|0|-0,000287614
0,06402369|1|0|-0,000287614
0,06402369|1|0|-0,000287614
0,06402369|1|0|-0,000287614
0,06402369|1|0|-0,000287614
0,06402369|1|0|-0,000287614
0,06402369|1|0|-0,000287614
0,06402369|1|0|-0,000287614
0,06402369|1|0|-9,256782E-07
0,06402369|1|0|0
0,06402369|1|0|0
0,06402369|1|0|0
0,06402369|1|0|0
0,06402369|1|0|0
0,06402369|1|0|0
0,06402369|1|0|0
0,06402369|1|0|0
0,06402369|1|0|0
0,06402369|1|0|0
0,06402369|1|0|0
0,06402369|1|0|0
0,06937385|1|0|0
0,09947791|1|0|0
0,1322947|1|0|0
0,148722|1|0|0
0,1550517|1|0|0
0,1671838|1|0|0
0,1850428|1|0|0
0,2117936|1|0|0
0,2250182|1|0|0
0,2459291|1|0|0
0,2589654|1|0|0
0,2675935|1|0|0
0,2732073|1|0|0
0,2732073|1|0|0
0,2769751|1|0|0
0,2769751|1|0|0
0,2806674|1|0|0
0,2806674|1|0|0
0,2806674|1|0|0
0,2806674|1|0|0
0,2806674|1|0|0
0,2733204|1|0|0
0,2527863|1|0|0
0,2431786|1|0|0
0,2247922|1|0|0
0,2093445|1|0|0
0,1961952|1|0|0
0,1843269|1|0|0
0,1793158|1|0|0
0,1692937|1|0|0
0,1536577|1|0|0
0,1289791|1|0|0
0,1173369|1|0|0
0,08632857|1|0|0
0,04672988|1|0|0
0,01040907|1|0|0
0|1|0|0
0|1|0|0
0|1|0|0
0|1|0|0
0|1|0|0
0|1|0|0
0|1|0|0
0|1|0|0
0|1|0|0
0|1|0|0
0|1|0|0
0|1|0|0
0|1|0|0
0|1|0|0
0|1|0|0
0|1|0|0
0|1|0|0
0|1|0|0
0|1|0|0
0|1|0|0
0|1|0|0
0|1|0|0
0|1|0|0
0|1|0|0
0|1|0|0
0|1|0|0
0|1|0|0
0|1|0|0
0|1|0|0
0|0|0|0
0|0|0|0
0|0|0|0
0|0|0|0
0|0|0|0
0|0|0|0
0|0|0|0
0|0|0|0
0|0|0|0
0|0|0|0
0|0|0|0
0|0|0|0
0|0|0|0
0|0|0|0
0|0|0|0
0|0|0|0
0|0|0|0
0|0|0|0
0|0|0|0
0|0|0|0
0|0|0|0
0|0|0|0
0|0|0|0
0|0|0|0
0|0|0|0
0|0|0|0
0|0|0|0
0|0|0|0
0|0|0|0
0|0|0|0
0|0|0|0
0|0|0|0
0|0|0|0
0|0|0|0
0|0|0|0
0|0|0|0
0|0|0|0
0|0|0|0
0|0|0|0
0|0|0|0
0|0|0|0
0|0|0|0
0|0|0|0
0|0|0|0
0|0|0|0
0|0|0|0
0|0|0|0
0|0|0|0
0|0|0|0
0|0|0|0
0|0|0|0
0|0|0|0
0|0|0|0
0|0|0|0
0|0|0|0
0|0|0|0
0|0|0|0
0|0|0|0
0|0|0|0
0|0|0|0
0|0|0|0
0|0|0|0
0|0|0|0
0|0|0|0
0|0|0|0
0|0|0|0
0|0|0|0
0|0|0|0
0|0|0|0
0|0|0|0
0|0|0|0
0|0|0|0
0|0|0|0
0|0|0|0
0|0|0|0
0|0|0|0
0|0|0|0
0|0|0|0
0|0|0|0
0|0|0|0
0|0|0|0
0|0|0|0
0|0|0|0
0|0|0|0
0|0|0|0
0|0|0|0
0|0|0|0
0|0|0|0
0|0|0|0
0|0|0|0
0|0|0|0
0|0|0|0
0|0|0|0
0|0|0|0
0|0|0|0
0|0|0|0
0|0|0|0
0|0|0|0
0|0|0|0
0|0|0|0
0|0|0|0
0|0|0|0
0|0|0|0
0|0|0|0
0|0|0|0
0|0|0|0
0|0|0|0
0|0|0|0
0|0|0|0
0|0|0|0
0|0|0|0
0|0|0|0
0|0|0|0
0|0|0|0
0|0|0|0
0|0|0|0
0|0|0|0
0|0|0|0
0|0|0|0
0|0|0|0
0|0|0|0
0|0|0|0
0|0|0|0
0|0|0|0
0|0|0|0
0|0|0|0
0|0|0|0
0|0|0|0
0|0|0|0
0|0|0|0
0|0|0|0
0|0|0|0
0|0|0|0
0|0|0|0
0|0|0|0
0|0|0|0
0|0|0|0
0|0|0|0
0|0|0|0
0|0|0|0
0|0|0|0
0|0|0|0
0|0|0|0
0|0|0|0
0|0|0|0
0|0|0|0
0|0|0|0
0|0|0|0
0|0|0|0
0|0|0|0
0|0|0|0
0|0|0|0
0|0|0|0
0|0|0|0
0|0|0|0
0|0|0|0
0|0|0|0
0|0|0|0
0|0|0|0
0|0|0|0
0|0|0|0
0|0|0|0
0|0|0|0
0|0|0|0
0|0|0|0
0|0|0|0
0|0|0|0
0|0|0|0
0|0|0|0
0|0|0|0
0|0|0|0
0|0|0|0
0|0|0|0
0|0|0|0
0|0|0|0
0|0|0|0
0|0|0|0
0|0|0|0
0|0|0|0
0|0|0|0
0|0|0|0
0|0|0|0
0|0|0|0
0|0|0|0
0|0|0|0
0|0|0|0
0|0|0|0
0|0|0|0
0|0|0|0
0|0|0|0
0|0|0|0
0|0|0|0
0|0|0|0
0|0|0|0
0|0|0|0
0|0|0|0
0|0|0|0
0|0|0|0
0|0|0|0
0|0|0|0
0|0|0|0
0|0|0|0
0|0|0|0
0|0|0|0
0|0|0|0
0|0|0|0
0|0|0|0
0|0|0|0
0|0|0|0
0|0|0|0
0|0|0|0
0|0|0|0
0|0|0|0
0|0|0|0
0|0|0|0
0|0|0|0
0|0|0|0
0|0|0|0
0|0|0|0
0|0|0|0
0|0|0|0
0|0|0|0
0|0|0|0
0|0|0|0
0|0|0|0
0|0|0|0
0|0|0|0
0|0|0|0
0|0|0|0
0|0|0|0
0|0|0|0
0|0|0|0
0|0|0|0
0|0|0|0
0|0|0|0
0|0|0|0
0|0|0|0
0|0|0|0
0|0|0|0
0|0|0|0
0|0|0|0
0|0|0|0
0|0|0|0
0|0|0|0
0|0|0|0
0|0|0|0
0|0|0|0
0|0|0|0
0|0|0|0
0|0|0|0
0|0|0|0
0|0|0|0
0|0|0|0
0|0|0|0
0|0|0|0
0|0|0|0
0|0|0|0
0|0|0|0
0|0|0|0
0|0|0|0
0|0|0|0
0|0|0|0
0|0|0|0
0|0|0|0
0|0|0|0
0|0|0|0
0|0|0|0
0|0|0|0
0|0|0|0
0|0|0|0
0|0|0|0
0|0|0|0
0|0|0|0
0|0|0|0
0|0|0|0
0|0|0|0
0|0|0|0
0|0|0|0
0|0|0|0
0|0|0|0
0|0|0|0
0|0|0|0
0|0|0|0
0|0|0|0
0|0|0|0
0|0|0|0
0|0|0|0
0|0|0|0
0|0|0|0
0|0|0|0
0|0|0|0
0|0|0|0
0|0|0|0
0|0|0|0
0|0|0|0
0|0|0|0
0|0|0|0
0|0|0|0
0|0|0|0
0|0|0|0
0|0|0|0
0|0|0|0
0|0|0|0
0|0|0|0
0|0|0|0
0|0|0|0
0|0|0|0
0|0|0|0
0|0|0|0
0|0|0|0
0|0|0|0
0|0|0|0
0|0|0|0
0|0|0|0
0|0|0|0
0|0|0|0
0|0|0|0
0|0|0|0
0|0|0|0
0|0|0|0
0|0|0|0
0|0|0|0
0|0|0|0
0|0|0|0
0|0|0|0
0|0|0|0
0|0|0|0
0|0|0|0
0|0|0|0
0|0|0|0
0|0|0|0
0|0|0|0
0|0|0|0
0|0|0|0
0|0|0|0
0|0|0|0
0|0|0|0
0|0|0|0
0|0|0|0
0|0|0|0
0|0|0|0
0|0|0|0
0|0|0|0
0|0|0|0
0|0|0|0
0|0|0|0
0|0|0|0
0|0|0|0
0|0|0|0
0|0|0|0
0|0|0|0
0|0|0|0
0|0|0|0
0|0|0|0
0|0|0|0
0|0|0|0
0|0|0|0
0|0|0|0
0|0|0|0
0|0|0|0
0|0|0|0
0|0|0|0
0|0|0|0
0|0|0|0
0|0|0|0
0|0|0|0
0|0|0|0
0|0|0|0
0|0|0|0
0|0|0|0
0|0|0|0
0|0|0|0
0|0|0|0
0|0|0|0
0|0|0|0
0|0|0|0
0|0|0|0
0|0|0|0
0|0|0|0
0|0|0|0
0|0|0|0
0|0|0|0
0|0|0|0
0|0|0|0
0|0|0|0
0|0|0|0
0|0|0|0
0|0|0|0
0|0|0|0
0|0|0|0
0|0|0|0
0|0|0|0
0|0|0|0
0|0|0|0
0|0|0|0
0|0|0|0
0|0|0|0
0|0|0|0
0|0|0|0
0|0|0|0
0|0|0|0
0|0|0|0
0|0|0|0
0|0|0|0
0|0|0|0
0|0|0|0
0|0|0|0
0|0|0|0
0|0|0|0
0|0|0|0
0|0|0|0
0|0|0|0
0|0|0|0
0|0|0|0
0|0|0|0
0|0|0|0
0|0|0|0
0|0|0|0
0|0|0|0
0|0|0|0
0|0|0|0
0|0|0|0
0|0|0|0
0|0|0|0
0|0|0|0
0|0|0|0
0|0|0|0
0|0|0|0
0|0|0|0
0|0|0|0
0|0|0|0
0|0|0|0
0|0|0|0
0|0|0|0
0|0|0|0
0|0|0|0
0|0|0|0
0|0|0|0
0|0|0|0
0|0|0|0
0|0|0|0
0|0|0|0
0|0|0|0
0|0|0|0
0|0|0|0
0|0|0|0
0|0|0|0
0|0|0|0
0|0|0|0
0|0|0|0
0|0|0|0
0|0|0|0
0|0|0|0
0|0|0|0
0|0|0|0
0|0|0|0
0|0|0|0
0|0|0|0
0|0|0|0
0|0|0|0
0|0|0|0
0,04134204|0|0|0
0,06402369|0|0|0
0,0991765|0|0|0
0,1288284|0|0|0
0,1708385|0|0|0
0,2210998|0|0|0
0,2594552|0|0|0
0,2747898|0|0|0
0,2985641|0|0|0
0,3147653|0|0|0
0,3253525|0|0|0
0,3297985|0|0|0
0,3333401|0|0|0
0,3376353|0|0|0
0,3411393|0|0|0
0,3411393|0|0|0
0,3451331|0|0|0
0,3451331|0|0|0
0,3451331|0|0|0
0,3486747|0|0|0
0,3486747|0|0|0
0,3486747|0|0|0
0,3486747|0|0|0
0,3486747|0|0|0
0,3486747|0|0|0
0,3486747|0|0|0
0,3486747|0|0|0
0,3486747|0|0|0
0,3486747|0|0|0
0,3486747|0|0|0
0,3420058|-0,004795175|0|0
0,3363166|-0,05863585|0|0
0,330439|-0,102266|0|0
0,3240715|-0,1345177|0|0
0,3159333|-0,1631147|0|0
0,3117888|-0,1763393|0|0
0,3045924|-0,1975516|0|0
0,2978106|-0,2117182|0|0
0,2919329|-0,2213636|0|0
0,2894085|-0,2247545|0|0
0,285264|-0,2275049|0|0
0,2824383|-0,2314611|0|0
0,2824383|-0,2345883|0|0
0,2794994|-0,2345883|0|0
0,2794994|-0,2345883|0|0
0,2794994|-0,2345883|0|0
0,2736218|-0,2282208|0|0
0,2370749|-0,1946504|0|0
0,1550517|-0,115227|0|0
0|0|0|0
0|0|0|0
0|0|0|0
0|0|0|0
0|0|0|0
0|0|0|0
0|0|0|0
0|0|0|0
0|0|0|0
0|0|0|0
0|0|0|0
0|0|0|0
0|0|0|0
0|0|0|0
0|0|0|0
0|0|0|0
0|0|0|0
0|0|0|0
0|0|0|0
0|0|0|0
0|0|0|0
0|0|0|0
0|0|0|0
0|0|0|0
0|0|0|0
0|0|0|0
0|0|-0,0001180663|0
0|0|-0,001024374|0
0|0|-0,002729095|0
0|0|-0,004723588|0
0|0|-0,005614482|0
0|0|-0,007171233|0
0|0|-0,008539942|0
0|0|-0,009470911|0
0|0|-0,01182916|0
0|0|-0,01373734|0
0|0|-0,01545439|0
0|0|-0,01755369|0
0|0|-0,01870353|0
0|0|-0,02156425|0
0|0|-0,02446197|0
0|0|-0,02745834|0
0|0|-0,03062117|0
0|0|-0,03298558|0
0|0|-0,03527908|0
0|0|-0,03648133|0
0|0|-0,03822922|0
0|0|-0,03945304|0
0|0|-0,04054738|0
0|0|-0,04111152|0
0|0|-0,04219353|0
0|0|-0,04311834|0
0|0|-0,0434821|0
0|0|-0,04402465|0
0|0|-0,0444408|0
0|0|-0,04489088|0
0|0|-0,04530087|0
0|0|-0,04551358|0
0|0|-0,04591741|0
0|0|-0,0461147|0
0|0|-0,0464723|0
0|0|-0,04676514|0
0|0|-0,04700559|0
0|0|-0,04724604|0
0|0|-0,04754815|0
0|0|-0,04808761|0
0|0|-0,04875039|0
0|0|-0,04925287|0
0|0|-0,04947482|0
0|0|-0,04998346|0
0|0|-0,0502085|0
0|0|-0,0502085|0
0|0|-0,05040579|0
0|0|-0,05040579|0
0|0|-0,05040579|0
0|0|-0,0506|0
0|0|-0,0506|0
0|0|-0,0506|0
0|0|-0,0506|0
0|0|-0,0506|0
0|0|-0,0506|-5,024815E-05
0|0|-0,0506|-0,0002783667
0|0|-0,0506|-0,000565056
0|0|-0,0506|-0,001135351
0|0|-0,0506|-0,001394295
0|0|-0,0506|-0,001394295
0|0|-0,0506|-0,00159467
0|0|-0,0506|-0,00159467
0|0|-0,0506|-0,00159467
0|0|-0,0506|-0,00159467
0|0|-0,0506|-0,001776548
0|0|-0,0506|-0,001776548
0|0|-0,0506|-0,001776548
0|0|-0,05084044|-0,001776548
0|0|-0,05103774|-0,001776548
0|0|-0,05127202|-0,001776548
0|0|-0,05150013|-0,001079862
0|0|-0,05227389|0
0|0|-0,05438553|0
0|0|-0,05816798|0
0|0|-0,06237582|0
0|0|-0,0660658|0
0|0|-0,06843638|0
0|0|-0,06997463|0
0|0|-0,070958|0
0|0|-0,0712971|0
0|0|-0,07126935|0
0|0|-0,0665436|0
0|0|-0,03827853|0
0|0|-0,03411075|0
0|0|-0,00558982|0
0|0|-0,002914056|0
0|0|-0,0002752839|0
0|0|0|0
0|0|0|0
0|0|0|0
0|0|0|0
0|0|0|0
0|0|0|0
0|0|0|0
0|0|0|0
0|0|0|0
0|0|0|0
0|0|0|0
0|0|0|0
0|0|0|0
0|0|0|0
0|0|0|0
0|0|0|0
0|0|0|0
0|0|0|0
0|0|0|0
0|0|0|0
0|0|0|0
0|0|0|0
0|0|0|0
0|0|0|0
0|0|0|0
0|0|0|0
0|0|0|0
0|0|0|0
0|0|0|0
0|0|0|0
0|0|0|0
0|0|0|0
0|0|0|0
0|0|0|0
0|0|0|0
0|0|0|0
0|0|0|0
0|0|0|0
0|0|0|0
0|0|0|0
0|0|0|0
0|0|0|0
0|0|0|0
0|0|0|0
0|0|0|0
0|0|0|0
0|0|0|0
0|0|0|0
0|0|0|0
0|0|0|0
0|0|0|0
0|0|0|0
0|0|0|0
0|0|0|0
0|0|0|0
0|0|0|0
0|0|0|0
0|0|0|0
0|0|0|0
0|0|0|0
0|0|0|0
0|0|0|0
0|0|0|0
0|0|0|0
0|0|0|0
0|0|0|0
0|0|0|0
0|0|0|0
0|0|0|0
0|0|0|0
0|0|0|0
0|0|0|0
0|0|0|0
0|0|0|0
0|0|0|0
0|0|0|0
0|0|0|0
0|0|0|0
0|0|0|0
0|0|0|0
0|0|0|0
0|0|0|0
0|0|0|0
0|0|0|0
0|0|0|0
0|0|0|0
0|0|0|0
0|0|0|0
0|0|0|0
0|0|0|0
0|0|0|0
0|0|0|0
0|0|0|0
0|0|0|0
0|0|0|0
0|0|0|0
0|0|0|0
0|0|0|0|Joystick1Button4
0|0|0|0
0|0|0|0
0|0|0|0
0|0|0|0
0|0|0|0
0|0|0|0
0|0|0|0
0|0|0|0
0|0|0|0
0|0|0|0
0|0|0|0
0|0|0|0
0|0|0|0
0|0|0|0
0|0|0|0
0|0|0|0
0|0|0|0
0|0|0|0
0|0|0|0
0|0|0|0
0|0|0|0
0|0|0|0
0|0|0|0
0|0|0|0
0|0|0|0
0|0|0|0
0|0|0|0
0|0|0|0