#|seed
£|8
#|MoveX|MoveY|CamX|CamY|ButtonKeyCodes
0|0|0|0
0|0|0|0
0|0|0|0
0|0|0|0
0|0|0|0
0|0|0|0
0|0|0|0
0|0|0|0
0|0|0|-0,003043529
0|0|0|-0,0005218981|Joystick1Button0
0|0|0|-0,0005218981
0|0|0|-0,0005218981
0|0|0|-0,0005218981
0|0|0|-0,0005218981
0|0|0|-0,0002567873
0|0|0|0
0|0|0|0
0|0|0|0
0|0|0|0
0|0|0|0
0|0|0|0
0|0|0|0
0|0|-0,01261524|-0,002362256
0|0,03425873|-0,01029707|-0,00324082
-0,1001938|1|-0,0130314|-0,0153989
-0,1182035|1|-0,06244057|-0,07494082
-0,1182035|1|-0,06395108|-0,07631262
-0,1182035|1|-0,06415145|-0,07649449
-0,1182035|1|-0,06415145|-0,07589337
-0,1182035|1|-0,002593457|0
-0,1182035|1|0|0
-0,1031703|0,7719401|0|0
0|0|0|0
0|0|0|0
0|0|0|0
0|0|0|0
0|0|0|0
0|0|0|0
0|0|0|0
0|0|0|0
0|0|0|0
0|0|0|0
0|0|0|0
0|0|0|0
0|0|0|0
0|0|0|0
0|0|0|0
0|0|0|0
0|0|0|0
0|0|0|0
0|0|0|0
0|0|0|0
0|0|0|0
0|0|0|0
0|0|0|0
0|0|0|0
0|0|0|0
0|0|0|0
0|0|0|0
0|0|0|0
0|0|0|0
0|0|0|0
0|0|0|0
0|0|0|0
0|0|0|0
0|0|0|0
0|0|0|0
0|0|0|0
0|0|0|0
0|0|0|0
0|0|0|0
0|0|0|0
0|0|0|0
0|0|0|0
0|0|0|0
0|0|0|0
0|0|0|0
0|0|0|0
0|0|0|0
0|0|0|0
0|0|0|0
0|0|0|0
0|0|0|0
0|0|0|0
0|0|0|0
0|0|0|0
0|0|0|0
0|0|0|0
0|0|0|0
0|0|0|0
0|0|0|0
0|0|0|0
0|0|0|0
0|0|0|0
0|0|0|0
0|0|0|0
0|0|0|0
0|0|0|0
0|0|0|0
0|0|0|0
0|0|0|0
0|0|0|0
0|0|0|0
0|0,03034029|0|0
0|0,1281502|0|0
0|0,1949518|0|0
0|0,5362317|0,004177955|-8,415769E-05
0|0,606688|0,05400636|-0,00324082
0,01651279|0,6722463|0,05928082|-0,005182907
0,03851625|0,7728066|0,06837164|-0,008937608
0,0481616|0,8506477|0,07199378|-0,01099684
0,06707554|1|0,05325727|-0,01258442
0,08858921|1|0|-0,004341336
0,09876203|1|0|-0,0005496421
0,1069003|1|0|0
0,111836|1|0|0
0,1157545|1|0|0
0,1193715|1|0|0
0,1193715|1|0|0
0,1193715|1|0|0
0,1230262|1|0|0
0,1230262|1|0|0
0,1230262|1|0|0
0,1230262|1|0|0
0,1269446|1|0|0
0,1269446|1|0|0
0,1269446|1|0|0
0,1269446|1|0|0
0,1269446|1|0|0
0,1269446|1|0|0
0,1269446|1|0|0
0,1269446|1|0|0
0,1269446|1|0|0
0,1269446|1|0|0
0,1269446|1|0|0
0,1269446|1|0|0
0,1269446|1|0|0
0,1310137|1|0|0
0,1460469|1|0|0
0,1570863|1|0|0
0,162964|1|0|0
0,1676359|1|0|0
0,1676359|1|0|0
0,1718934|1|0|0
0,1718934|1|0|0
0,1754728|1|0|0
0,1754728|1|0|0
0,1754728|1|0|0
0,1754728|1|0|0
0,1754728|1|0|0
0,1754728|1|0|0
0,1798433|1|0|0|Joystick1Button1
0,191674|1|0|0
0,2465319|1|0|0
0,2700048|1|0|0
0,2918576|1|0|0
0,3008624|1|0|0
0,3186837|1|0|0
0,3265959|1|0|0
0,33756|1|0|0
0,3412147|1|0|0
0,3530453|1|0|0
0,3569637|1|0|0
0,3613342|1|0|0
0,3613342|1|0|0
0,3613342|1|0|0
0,3648759|1|0|0
0,3648759|1|0|0
0,3648759|1|0|0
0,3648759|1|0|0
0,3648759|1|0|0
0,3648759|1|0|0
0,3648759|1|0|0
0,3648759|1|0|0
0,3648759|1|0|0
0,3648759|1|0|0
0,3648759|1|0|0
0,3648759|1|0|0
0,3648759|1|0|0
0,3648759|1|0|0
0,3648759|1|0|0
0,3648759|1|0|0
0,3648759|1|0|0
0,3648759|1|0|0
0,3648759|1|0|0
0,3648759|1|0|0
0,3648759|1|0|0
0,3648759|1|0,0186018|-0,00185978
0,3648759|1|0,02667534|-0,004369079
0,3648759|1|0,031808|-0,006678004
0,3648759|1|0,04100979|-0,01274471
0,3648759|1|0,04768378|-0,01699265
0,3648759|1|0,05496507|-0,02109569
0,3648759|1|0,05682084|-0,02262778
0,3648759|1|0,05293975|-0,02361115
0,3189851|1|0,0004324996|-0,02246748
0,2738479|1|0|0
0,2375271|1|0|0
0,1981544|1|0|0
0,1649231|1|0|0
0,1014371|1|0|0
0,04556188|1|0|0
0|1|0|0
0|1|0|0
0|1|0|0
0|1|0|0
0|1|0|0|Joystick1Button1
0|1|0|0
0|1|0|0
0|1|0|0
0|1|0|0
0|1|0|0
0|1|0|0
0|1|0|0
0|1|0|0
0|1|0|0|Joystick1Button1
0|1|0|0
0|1|0|0
0|1|0|0
0|1|0|0
0|1|0|0
0|1|0|0
0|1|0|0
0|1|0|0|Joystick1Button1
0|1|0|0
0|1|0|0
0|1|0|0
0|1|0|0
0|1|0|0
0|1|0|0
0,0263842|1|0|0|Joystick1Button1
0,07781354|1|0|0
0,1300718|1|0|0
0,1422038|1|0|0
0,1662418|1|0|0
0,1750207|1|0|0
0,1807099|1|0|0
0,1700096|1|0|0
0,1182035|1|0|0|Joystick1Button1
0,07310388|1|0|0
0|1|0|0
0|1|0|0
0|1|0|0
0|1|0|0
0|1|0|0
0|1|0|0
0|1|0|0
0|1|0|0|Joystick1Button1
0|1|0|0
0|1|0|0
0|1|0|0
0|1|0|0
0|1|0|0
0|1|0|0
0|1|0|0|Joystick1Button1
0|1|0|0
0|1|0|0
0|1|0|0
0|1|0|0
0|1|0|0
0|1|0|0
0|1|0|0
0|1|0|0
0|1|0|0
0|1|0|0
0|1|0|0
0|1|0|0
0|1|0|0
0|1|0|0
0|1|0|0
0|1|0|0
0|1|0|0
0|1|0|0
0|1|0|0
0,004870527|1|0|0
0,02171222|1|0|0
0,0329777|1|0|0
0,04104061|1|0|0
0|1|0|0
0|1|0|0
0|1|0|0
0|1|0|0
0|1|0|0
0|1|0|0
0|1|0|0
0|1|0|0
0|1|0|0
0|1|0|0
0|1|0|0
0|1|0|0
0|1|0|0
0|1|0|0
0|1|0|0
0|1|0|0
0|1|0|0
0|1|0|0
0|1|0|0|Joystick1Button8
0|1|0|-1,63386E-05
0|1|0|-1,63386E-05
0|1|0|-0,000204382
-0,0634962|1|0|-0,000204382
-0,09627534|1|0|-0,000204382
-0,1252491|1|0|-0,000204382
-0,1304862|1|0|-0,000204382
0|1|0|-0,000204382
0|1|0|-0,000204382
0|1|0|-0,000204382
0|1|0|-0,000204382
0|1|0|-0,000204382
0,01990372|1|0|-0,000204382
0,04876444|1|0|-0,000204382
0,108106|1|0|-0,000204382
0,1328222|1|0|-0,000204382
0,1550517|1|0|-0,001650158
0,1635668|1|0|-0,005990568
0,1695951|1|0|-0,01065774
0,1734382|1|0|-0,01258442
0,1769422|1|0|-0,01420899|Joystick1Button9
0,1769422|1|0|-0,01509988
0,1769422|1|0|-0,01645317
0,1769422|1|0|-0,02060863
0,1769422|1|0|-0,03342332
0,1769422|1|0|-0,03944995
0,1136445|1|0|-0,04238775
0|1|0|-0,03663547
0|1|0|-0,009171892
0|1|0|-0,005454182
0|1|0|0
0|1|0|0
-0,06221518|1|0|0
-0,08538663|1|0|0
-0,1002691|1|0|0
-0,1133431|1|0|0
-0,1160935|1|0|0
-0,09815921|1|0|0
-0,07201126|1|0|0
-0,04047545|1|0|0
-0,02529156|1|0|0
-0,01364932|1|0|0
-0,005322658|1|0|0
0|1|0|0
0|1|0|0
0|1|0|0
0|1|0|0
0|1|0|0
0|1|0|0
0|1|0|0
0|1|0|0
0|1|0|0,01657648
0|1|0|0,04126565
0|1|0|0,04365472
0|1|0|0,04642913
0|1|0|0,04854385
0|1|0,0006082129|0,04786258
0|1|0,001270988|0
0|1|0|0
-0,06538007|1|0|0
-0,1436356|1|0|0
-0,2333072|1|0|0
-0,2758824|1|0|-0,000481823
-0,3042157|1|0|-0,000481823
-0,3287058|1|0|-0,000481823
-0,3381628|1|0|-0,000481823
-0,3370701|1|0|-0,000481823
-0,3193995|1|0|-0,000481823
-0,2753173|1|0|-0,000481823
-0,2025627|1|0|-0,000481823
-0,1307876|1|0|-0,0001889682
-0,09126428|1|0|0
-0,05886192|1|0|0
-0,007847025|1|0|0
0|1|0|0
0|1|0|0
0|1|0|0
0,1048658|1|0|0
0,123742|1|0|0
0,1385491|1|0|0
0,1908827|1|0|0
0,2623563|1|0|0|Joystick1Button1
0,3346588|0,9907314|0|0
0,3902327|0,9883201|0|0
0,4265911|0,9883201|0|0
0,4589935|0,9883201|0|0
0,475383|0,9883201|0|0
0,4788871|0,9883201|0|0
0,4837474|0,9883201|0|0
0,4876659|0,9883201|0|0|Joystick1Button1
0,4876659|0,9883201|0|0
0,4876659|0,9883201|0|0
0,4824287|0,9883201|0|0
0,3655541|1|0|0
0,2298032|1|0|0
0,152226|1|0|0
0,09853597|1|0|0
0,07992347|1|0|0
0,07295318|1|0|0
0,066322|1|0|0
0,06387298|1|0,02084908|0
0,06146164|1|0,06374762|0
0,06146164|1|0,09090909|0
0,06146164|1|0,09090909|0
0,06146164|1|0,09090909|0
0,06146164|1|0,09090909|0
0,05901263|1|0,05784429|0
0,05901263|1|0|0
0,05901263|1|0|0
0,05901263|1|0|0
0,05901263|1|0|0
0,03670774|1|0|0
0|1|0|0
0|1|0|0
0|1|0|0
0|1|0|0
0|1|0|0
0|1|0|0
0|1|0|0
0|1|0|0
0|1|0|0
0|1|0|0
0|1|0|0
0|1|0|0
0|1|0|0
0|1|0|0
0|1|0|0
0|1|0|0
0|1|0|0
0|1|0|0
0|1|0|0
0|1|0|0
0|1|0|0
0|1|0|0
0|1|0|0
0|1|0|0|Joystick1Button1
0|1|0|0
0|1|0|0
0|1|0|0
0|1|0|0
0|1|0|0
0|1|0|0
0|1|0|0
0|1|0|0
-0,06481492|1|0|0
-0,1206148|1|0|0
-0,189564|1|0|0
-0,2179726|1|0|0
-0,2436308|1|0|0
-0,2571569|1|0|0
-0,2599826|1|0|0
-0,2389211|1|0|0
-0,2120196|1|0|0
-0,1746815|1|0|0
-0,1650738|1|0|0
-0,1150763|0,597118|0|0
0|0|0|0
0|0|0|0
0|0|0|0
0|0|0|0
0|0|0|0
0|0|0|0
0|0|0|0
0|0|0|0
0|0|0|0
0|0|0|0|Joystick1Button5
0|0|0|0
0|0|0|0
0|0|0|0
0|0|0|0
0|0|0|0
0|0|0|0
0|0|0|0
0|0|0|0
-0,1630393|0|0|0
-0,5199552|0|0|0
-1|-0,1277358|0|0
-1|-0,2263369|0|0
-1|-0,2644663|0|0
-1|-0,304178|0|0
-1|-0,3138987|0|0
-1|-0,3031607|0|0
-1|-0,2299539|0|0
-1|-0,1513217|0|0
-1|-0,04510975|0|0
-1|0|0|0
-1|0|0|0
-1|0|0|0
-1|0|0|0
-1|0|0|0
-1|0|0|0
-1|0|0|0
-1|0|0|0
-1|0|0|0
-1|0|0|0
-1|0|0|0
-1|0|0|0
-1|0|0|0
-1|0|0|0
-1|0|0|0
-1|0|0|0
-1|0|0|0
-1|0|0|0
-1|0|0|0
-1|0|0|0
-1|0|0|0
-1|0|0|0
-1|0|0|0
-0,9454057|0,5531487|0|0
-0,3083601|1|0|0
0|1|0|0
0,4547737|0,9883954|0|0
0,5920693|0,8978195|0|0
0,6858101|0,6311405|0|0
1|0,5378141|0|0
1|0,4264781|0|0|Joystick1Button5
1|0,3805873|0|0
1|0,3100556|0|0
1|0,1843646|0|0
1|0,1110071|0|0
1|0,04307519|0|0
1|0,01146403|0|0
1|0,06375995|0|0
1|0,1316165|0|0
1|0,2556498|0|0
1|0,3271987|0|0
0,997664|0,4057557|0|0
0,997664|0,4362365|0|0
0,997664|0,4635901|0|0
0,997664|0,4750816|0|0
0,997664|0,4795652|0|0
0,997664|0,4884571|0|0
0,997664|0,4926769|0|0
0,997664|0,4926769|0|0
0,997664|0,4926769|0|0
1|0,4768148|0|0
1|0,3803612|0|0
1|0,08056396|0|0
1|0|0|0
1|0|0|0
1|0|0|0
1|-0,2499229|0|0
0,9941601|-0,3158956|0|0
0,9332737|-0,4487453|0|0
0,8658692|-0,7196819|0|0
0,5519054|-0,802986|0|0
0,2083272|-1|0|0
0|-1|0|0
0|-1|0|0
-0,279311|-1|0|0
-0,3159333|-1|0|0
-0,4400796|-0,9637545|0|0
-0,5369475|-0,9257383|0|0|Joystick1Button0
-0,6585695|-0,8517404|0|0
-0,7556259|-0,7636888|0|0
-1|-0,4817505|0|0
-1|-0,1631147|0|0
-1|0|0|0
-1|0,1076915|0|0
-0,9151887|0,4912828|0|0
-0,5978339|0,8177178|0|0|Joystick1Button0
-0,5319365|1|0|0
-0,1238174|1|0|0
0|1|0|0
0|1|0|0
0,1555039|1|0|0
0,1839125|1|0|0
0,2294642|1|0|0
0,2417469|1|0|0
0,250601|1|0|0
0,2567047|1|0|0
0,2756564|1|0|0
0,2978859|1|0|0
0,307908|1|0|0
0,3180808|1|0|0
0,3239962|1|0|0
0,3525932|1|0|0
0,360317|1|0|0
0,3652527|1|0|-0,0003646805
0,3693218|1|-0,0319313|-0,02534362
0,3693218|1|-0,07637427|-0,03610524
0,4331846|0,9918618|-0,09091218|-0,03558427
0,5355535|0,9232892|-0,09091218|-0,03079688
0,6696842|0,8107853|-0,09091218|-0,02449588
1|0,5046582|-0,09091218|-0,01865729
1|0,2141672|-0,09091218|-0,015701
1|0|-0,09091218|-0,01281562
1|0|-0,09091218|-0,01134518
1|-0,07996114|-0,09091218|-0,009221215
0,9918618|-0,3689451|-0,09091218|-0,008114533
0,9279236|-0,4765134|-0,09091218|-0,006998605
0,6035608|-0,8028353|-0,09091218|-0,006560864
0,5668632|-0,8454483|-0,09091218|-0,006249513
0,2062173|-1|-0,09091218|-0,005599067
0,1078422|-1|-0,09091218|-0,004365996
0|-1|-0,09091218|-0,002229701
0|-1|-0,09091218|0
0|-1|-0,09091218|0
0|-1|-0,09091218|0
0|-1|-0,09091218|0
0|-1|-0,09091218|0
0|-1|-0,09091218|0
0|-1|-0,09091218|0
0|-1|-0,09091218|0
0|-1|-0,09091218|0
0|-1|-0,09091218|0
0|-1|-0,09091218|0
0|-1|-0,09091218|0
0|-1|-0,09091218|0
0|-1|-0,09091218|0
0|-1|-0,09091218|0
0|-1|-0,09091218|0
0|-1|-0,09091218|0
0|-1|-0,09091218|0
0|-1|-0,09091218|0
0|-1|-0,09091218|0
0|-1|-0,09091218|0
0|-1|-0,09091218|0
0|-1|-0,09091218|0
0|-1|-0,09091218|0
0|-1|-0,09091218|0
0|-1|-0,09091218|0
0|-1|-0,09091218|0
0|-1|-0,09091218|0
-0,09171642|-1|-0,09091218|0
-0,2167293|-1|-0,09091218|0
-0,3242599|-1|-0,09091218|0
-0,3906848|-0,9989074|-0,09091218|0
-0,495239|-0,9648848|-0,09091218|0
-0,6020537|-0,9067867|-0,09091218|0
-0,6592854|-0,8695993|-0,09091218|0
-0,7237509|-0,822955|-0,09063166|0
-0,7686998|-0,7771395|-0,08508283|0
-0,8418689|-0,7002404|-0,02038667|0,002383835
-0,880375|-0,6587955|-0,01348148|0,001101441
-0,9171479|-0,5991526|-0,003792619|0
-0,9386616|-0,5629072|0|0
-0,9648848|-0,5221028|0|0
-1|-0,490567|0|0
-1|-0,4569212|0|0
-1|-0,4430184|0|0
-1|-0,4331093|0|0
-1|-0,4245942|0|0
-1|-0,4245942|0|0
-1|-0,420186|0|0
-0,95588|-0,4540201|0|0
-0,9449913|-0,5157353|0|0
-0,8940518|-0,5998307|0|0
-0,77989|-0,7382943|0|0
-0,4953143|-1|0,02047607|0
-0,3809641|-1|0,09090909|-0,0001180663
-0,3117134|-1|0,09090909|-0,0002999451
-0,2604725|-1|0,09090909|-0,0005249809
-0,1974762|-1|0,09090909|-0,001008961
-0,1612308|-1|0,09090909|-0,001958426
0|-1|0,09090909|-0,003099017
0,1188063|-1|0,03789629|-0,001603918
0,5014933|-0,9355344|0|0
0,8116518|-0,8573919|0|0
1|-0,508652|0|0|Joystick1Button0
1|-0,2275049|0|0
1|0|0|0
1|0,01108727|0|0
0,8976688|0,4399289|0|0
0,5826499|0,8144776|0|0
0,5585743|0,8764189|0|0
0,4822403|1|0|0
0,4283243|1|0|0
0,3089253|1|0|0
0,2279948|1|0|0|Joystick1Button0
0|1|0|0
0|1|0|0
0|1|0|0
0|1|0|0
0|1|0|0
0|1|0|0
0,0141768|1|0|0|Joystick1Button0
0,06583219|1|0|0
0,1128533|1|0|0
0,1528665|1|0|0
0,2205347|1|0|0
0,2689875|1|0|0
0,2952108|1|0|0
0,3089253|1|0|0
0,3143131|1|0|0
0,3184576|1|0|0|Joystick1Button0
0,3184576|1|0|0
0,3184576|1|0|0
0,3184576|1|0|0
0,3184576|1|0|0
0,3219616|1|0|0
0,3219616|1|0|0
0,3128061|1|0|0
0,2799516|1|0|0
0,2580235|1|0|0
0,2322899|1|0|0
0,221665|1|0|0
0,2146947|1|0|0
0,2103995|1|0|0
0,2079505|1|0|0
0,2052754|1|0|0
0,2052754|1|0|0
0,2052754|1|0|0
0,2052754|1|0|0
0,202638|1|0|0
0,202638|1|0|0
0,2250182|1|0|0
0,3188344|0,9930297|0,02034044|-0,002075567
0,4133665|0,9690294|0,05473079|-0,003364126
0,7336224|0,8449208|0,09090909|-0,001980004
1|0,4165313|0,09090909|-0,00122783
1|0,03105617|0,09090909|-0,0008794884
0,1827445|0|0,09090909|-0,0008794884
0|0|0,09090909|-0,0005249809
0|0|0,09090909|0
0|0|0,09090909|0
0|0|0,09090909|0
0|0|0,09090909|0
0|0|0,09090909|0
0|0|0,09090909|0
0|0|0,05700272|0
0|0,1586311|-0,002312933|0
0,105996|0,7893093|0|0
0,1761886|1|0|0
0,2405789|1|0|0
0,2649184|1|0|0
0,2865451|1|0|0
0,2908403|1|0|0
0,3011638|1|0|0
0,3011638|1|0|0|Joystick1Button0
0,3047431|1|0|0
0,3047431|1|0|0
0,3047431|1|0|0
0,3047431|1|0|0
0,3167245|1|0|0
0,702388|0,9526774|0|0
1|0,5836672|0|0
1|0,2657849|0|0
1|0|0|0|Joystick1Button0
1|0|0|0
1|0|0|0
1|0|0|0
1|0|0|0
1|-0,005096602|0|0
1|-0,03723522|0|0
1|-0,060369|0|0|Joystick1Button0
1|-0,1105927|0|0
1|-0,1487973|0|0
1|-0,1933317|0|0
1|-0,2662748|0|0
1|-0,334056|0|0
0,9964961|-0,3663453|0|0
0,9909574|-0,4008577|0|0
0,9807093|-0,4357843|0|0|Joystick1Button0
0,9400933|-0,4632133|0|0
0,08742122|-0,03000121|0|0
0|0|0|0
0|0|0|0
0|0|0|0
0|0|0|0
0|0|0|0
0|0|0|0|Joystick1Button0
0|0|0|0
0|0|0|0
0|0|0|0
0,3350356|0|0|0
0,6404845|0|0|0
1|0|0|0
1|0|0|0
1|-0,03546439|0|0
1|-0,05479278|0|0
1|-0,06281801|0|0|Joystick1Button0
1|-0,06986365|0|0
1|-0,06986365|0|0
1|-0,07265177|0|0
1|-0,07265177|0|0
1|-0,03908141|0|0
1|0|0|0
1|0,1896394|0|0
0,9706118|0,527679|0|0|Joystick1Button0
0,593388|0,8648897|0|0
0,2724538|1|0|0
0,1995108|1|0|0
0,148722|1|0|0
0,06764069|1|0|0
0|1|0|0|Joystick1Button0
0|1|0|0
0|1|0|0
0|1|0|0
0|1|0|0
-0,07012738|1|0|0
-0,110442|1|0|0
-0,1700096|1|0|0
-0,2248675|1|0|0|Joystick1Button0
-0,2567047|1|0|0
-0,282928|1|0|0
-0,307795|1|0|0
-0,3200024|1|0|0
-0,3261061|1|0|0
-0,3320591|1|0|0
-0,3487501|1|0|0
-0,3779499|0,9953657|0|0|Joystick1Button0
-0,3986724|0,9953657|0|0
-0,4191687|0,992879|0|0
-0,4270055|0,992879|0|0
-0,4400042|0,992879|0|0
-0,4594833|0,9902039|0|0
-0,4850661|0,9902039|0|0
-0,4987052|0,9876042|0|0|Joystick1Button0
-0,5088404|0,9876042|0|0
-0,5187117|0,9876042|0|0
-0,5225549|0,9876042|0|0
-0,5250416|0,9852306|0|0
-0,5250416|0,9852306|0|0
-0,5276413|0,9852306|0|0
-0,5276413|0,9852306|0|0
-0,5001746|0,9852306|0|0|Joystick1Button0
-0,4699575|0,9894881|0|0
-0,4064339|1|0|0
-0,3677394|1|0|0
-0,3434376|1|0|0
-0,33756|1|0|0
-0,3336415|1|0|0
-0,3295724|1|0|0
-0,3295724|1|0|0|Joystick1Button0
-0,3295724|1|0|0
-0,3295724|1|0|0
-0,3295724|1|0|0
-0,3295724|1|0|0
-0,3295724|1|0|0
-0,3295724|1|0|0
-0,3258801|1|0|0
-0,3258801|1|0|0|Joystick1Button0
-0,3258801|1|0|0
-0,3258801|1|0|0
-0,3258801|1|0|0
-0,3258801|1|0|0
-0,3258801|1|0|0
-0,3258801|1|0|0
-0,3258801|1|0|0
-0,3258801|1|0|0
-0,3258801|1|0|0
-0,3258801|1|0|0
-0,3258801|1|0|0
-0,3258801|1|0|0
-0,320869|1|0|0
-0,2337593|0,9596854|0|0
0|0,2278441|0|0
0|0|0|0
0|0|-0,002482481|0
0|0|-0,0164316|0
0|0|-0,03921258|0
0|0|-0,08922903|0
0|0|-0,09091218|-0,006366655
0|0|-0,09091218|-0,00976685
0|0|-0,09091218|-0,01665971
0|0|-0,05953668|-0,02063021
0|0,2371126|-0,009991883|0
0|0,5951211|-0,0005280627|0
0|0,6836625|0|0
0|1|0|0
0|1|0|0
0|1|0|0
0|1|0|0
0|1|0|0
0|1|0|0
0|1|0|0
0|1|0|0
0|1|0|0
0|1|0|0
0|1|0|0
0|1|0|0
0|1|0|0
0|1|0|0|Joystick1Button0
0|1|0|0
0,01033372|1|0|0
0,06029365|1|0|0
0,1188063|1|0|0
0,1644334|1|0|0
0,2178219|1|0|0
0,2391849|1|0|0
0,2531254|1|0|0
0,2348143|1|0|0
0,1963836|1|0|0
0,1694444|1|0|0
0,162022|1|0|0
0,155843|1|0|0
0,153394|1|0|0
0,153394|1|0|0
0,1506058|1|0|0
0,1506058|1|0|0
0,1480815|1|0|0
0,1480815|1|0|0
0,1480815|1|0|0
0,1022283|1|0|0
0,0795467|1|0|0
0,0374236|1|0|0
0,0004999799|1|0|0
0|1|0|0
0|1|0|0
0|1|0|0
0|1|0|0
0|1|0|0
0|1|0|0
0|1|0|0
0|1|0|0
0|1|0|0
0|1|0|0
0|1|0|0
0|1|0|0
0|1|0|0
0|1|0|0|Joystick1Button4
0|1|0|0
0|1|0|0
0|1|0|0
0|0,9872651|0|0
0|0,5948197|0|0
0|0,5319365|0|0
0|0,20731|0|0
0|0|0|0
0|0|0|0
0|0|0|0
0,3210573|-0,7048748|0|0
0,3471677|-0,9780719|0|0
0,356813|-0,9780719|0|0
0,3873315|-0,9780719|0|0
0,4193948|-0,9668441|0|0
0,4765511|-0,9419018|0|0
0,5097823|-0,9262657|0|0
0,5402254|-0,9123629|0|0
0,5518301|-0,9066359|0|0
0,5601944|-0,9028306|0|0
0,5655069|-0,9028306|0|0
0,5733437|-0,898347|0|0
0,5835919|-0,8844441|0|0
0,5886783|-0,872086|0|0
0,596063|-0,8585976|0|0
0,6264685|-0,8429239|0|0
0,6994869|-0,7783828|0|0
0,7848257|-0,4305096|0|0
1|-0,1242695|0|0
1|-0,06217751|0|0
1|-0,02065726|0|0
0,5663734|0|0|0
0|0|0|0
0|0|0|0
0|0|0|0
0|0|0|0
0|0|0|0
0|0|0|0
0|0|0|0
0|0|0|0
0|0|0|0
0|0|0|0
0|0|0|0
0|0|0|0
0|0|0|0
0|0|0|0
0|0|0|0
0|0|0|0
0|0,02608277|0|0
-0,122348|0,3573028|0|0
-0,1814258|0,6614707|0|0
-0,4453167|0,9791268|0|0
-0,4519479|0,9837611|0|0
-0,4550751|0,9837611|0|0
-0,4313761|1|0|0
-0,3996143|1|0|0
-0,3411393|1|0|0
-0,2872986|1|0|0|Joystick1Button0
-0,2340231|1|0|0
-0,2133383|1|0|0
-0,1923898|1|0|0
-0,1171108|1|0|0
-0,05754323|1|0|0
0|1|0|0
0|1|0|0
0|1|0|0
0|1|0|0|Joystick1Button0
0|1|0|0
0|1|0|0
0|1|0|0
0|1|0|0
0|1|0|0
0|1|0|0
0|1|0|0|Joystick1Button0
0|1|0|0
0|1|0|0
0|1|0|0
0|1|0|0
0|1|0|0
0|1|0|0
0|1|0|0
0|1|0|0|Joystick1Button0
0|1|0|0
0|1|0|0
0|1|0|0
0|1|0|0
0|1|0|0
0|1|0|0
0|1|0|0
0|1|0|0
0|1|0|0
0|1|0|0
0|1|0|0
0|1|0|0
0|1|0|0
0|1|0|0|Joystick1Button0
0|1|0|0
0|1|0|0
0|1|0|0
0|1|0|0
0|1|0|0
0|1|0|0
-0,08256086|1|0|0
-0,4048514|0,9883954|0|0
-0,5646779|0,9018133|-0,07808207|-0,001400461
-0,6853202|0,8008761|-0,09091218|-0,005189071
-0,8295485|0,6673106|-0,09091218|0
-0,8742713|0,6075546|-0,09091218|0
-0,9217445|0,5248532|-0,09091218|0
-0,9471766|0,4815998|-0,09091218|0
-0,952376|0,4900018|-0,09091218|0
-0,9269817|0,5511142|-0,09091218|0
-0,5501722|0,9826308|-0,09091218|5,024815E-05
-0,159573|1|-0,09091218|0
0|1|-0,0865132|0
0,06669877|1|0|0
0,154562|1|0|0
0,5381155|0,9384732|0|0
0,6340039|0,8680168|0|0|Joystick1Button0
0,7390856|0,7539304|0|0
0,777441|0,6989971|0|0
0,7980503|0,6709276|0|0
0,8060756|0,6605287|0|0
0,810936|0,6538598|0|0
0,8144776|0,6500921|0|0
0,8181323|0,647191|0|0
0,8181323|0,6445913|0|0|Joystick1Button0
0,8181323|0,6445913|0|0
0,8181323|0,6422176|0|0
0,8181323|0,6564596|0|0
0,8181323|0,6745446|0|0
0,8181323|0,678463|0|0
0,8181323|0,6878446|0|0
0,8181323|0,6878446|0|0
0,8156456|0,7080396|0|0
0,8156456|0,7295533|0|0
0,8049076|0,7521219|0|0
0,7983518|0,7626715|0|0
0,765648|0,7869733|0|0
0,7355816|0,8086753|0|0
0,673452|0,8524562|0|0
0,6018277|0,924721|0|0
0,5189756|0,9637169|0|0
0,4796029|0,9750954|0|0
0,4280982|0,9851552|0|0
0,4129143|0,9891867|0|0
0,4030429|0,9891867|0|0
0,3966378|0,9930297|0|0
0,3902327|0,9930297|0|0
0,3902327|0,9930297|0|0
0,3877836|0,9930297|0|0|Joystick1Button0
0,3877836|0,9930297|0|0
0,3992375|0,9930297|0|0
0,4105783|0,9930297|0|0
0,4354452|0,9930297|0|0
0,4733485|0,9900156|0|0
0,5107242|0,9716291|0|0
0,5762448|0,9143221|0|0
0,620214|0,8792824|0|0
0,6698349|0,8397967|0|0
0,6907458|0,8246881|0|0
0,7362975|0,797975|0|0
0,7579619|0,7890078|0|0
0,7786089|0,7794756|0|0
0,7922481|0,7728066|0|0
0,7969954|0,7728066|0|0
0,7969954|0,7698302|-0,03012794|0
0,7732965|0,7842982|-0,06047382|0
0,7195312|0,8185844|-0,08707424|0
0,6356241|0,8909623|-0,09091218|0
0,5029251|1|-0,09091218|0
0,4425662|1|-0,09091218|0
0,3403858|1|-0,09091218|0
0,2866204|1|-0,09091218|0
0,2385443|1|-0,09091218|0
0,2136774|1|-0,09091218|0
0,2007542|1|-0,09091218|0
0,1941607|1|-0,09091218|0
0,191674|1|-0,03340791|0
0,191674|1|-0,0008949022|0
0,2439699|1|0|0
0,3515759|0,9946122|0|0
0,4519855|0,9739274|0|0
0,5329537|0,9209156|0|0
0,5961384|0,8824095|0|0
0,6245469|0,8641738|0|0
0,6446289|0,8509491|0|0
0,6656151|0,8384403|0|0
0,6836248|0,826572|0|0
0,693873|0,8200538|0|0
0,6977161|0,8176425|0|0
0,6977161|0,8176425|0|0
0,7017851|0,8151181|0|0
0,7017851|0,8151181|0|0
0,7017851|0,8151181|0|0
0,7017851|0,812443|0|0
0,7017851|0,8167759|0|0
0,6991854|0,8212218|0|0
0,6948902|0,8289456|0|0
0,6515992|0,8616495|0|0
0,6242079|0,8958603|0|0
0,5619275|0,9409599|0|0
0,512382|0,9599115|0|0
0,4407954|1|0|0|Joystick1Button0
0,4076771|1|0|0
0,3483356|1|0|0
0,3191735|1|0|0
0,3003726|1|0|0
0,28387|1|0|0
0,2998451|1|0|0
0,3216602|1|0|0
0,3771586|0,9953657|0|0
0,4129143|0,9921632|0|0|Joystick1Button0
0,4780959|0,9734376|0|0
0,5242127|0,9386992|0|0
0,5808792|0,8943532|0|0
0,6102673|0,8760421|0|0
0,6319693|0,8614234|0|0
0,6531816|0,8469554|0|0
0,6627139|0,8405125|0|0
0,6721709|0,8331278|0|0
0,6721709|0,8304527|0|0
0,6758633|0,8304527|0|0
0,6595868|0,8445817|0|0
0,6306507|0,8761928|0|0
0,5854004|0,9297321|0|0
0,5312583|0,9587435|0|0
0,4386478|1|0|0
0,3242599|1|0|0
0,2666515|1|0|0
0,1701603|1|0|0
0,09205551|1|0|0
0,008487536|1|0|0
0|1|0|0
0|1|0|0
0|1|0|0
0|1|0|0
-0,07099397|1|0|0
-0,2084026|1|0|0
-0,2660864|1|0|0
-0,2882406|1|0|0
-0,3081341|1|0|0
-0,3183823|1|0|0
-0,2658603|1|0|0
-0,1961198|1|0|0
-0,1069003|1|0|0
0|1|0|0
0|1|0|0
0|1|0|0
0|1|0|0
0,01387537|1|0|0
0,04439389|1|0|0
0,05645058|1|0|0
0,06707554|1|0|0|Joystick1Button0
0,07140843|1|0|0
0,06198912|1|0|0
0|1|0|0
0|1|0|0
0|1|0|0
0|1|0|0
0|1|0|0
0|0,8425471|0|0
0|0,1132678|0|0
0|0|0|0
0|0|0|0
0|0|0|0
0|0|0|0
0|0|0|0
0|0|0|0
0|0|0|0
0|0|0|0
0|0|0|0
0|0|0|0
-0,1088595|0|0|0
-0,7757078|0,0573925|0|0
-1|0,367438|0|0
-1|0,3996143|0|0
-0,9639429|0,4741397|-0,02666301|0
-0,9169219|0,5681066|-0,05815564|0
-0,8387417|0,678463|-0,09091218|-0,0005866335
-0,4423402|1|-0,09091218|-0,002910973
-0,1447282|1|-0,09091218|-0,002910973
-0,0526075|1|-0,09091218|-0,002910973
0|1|-0,09091218|-0,002639696
0|1|-0,08394841|-0,002639696
0|1|-0,004091639|0
0|1|0|0
0|1|0|0
0|1|0|0
0|1|0|0
0|1|0|0
0|1|0|0
0|1|0|0
0|1|0|0
0|1|0|0
0|1|0|0
0|1|0|0
0|1|0|0
0|1|0|0|Joystick1Button4
0|1|0|0
0|1|0|0
0|1|0|0
0|1|0|0
0|1|0|0
0|1|0|0
0|1|0|0
0|1|0|0
0|1|0|0
0|1|0|0
0|1|0|0
0|1|0|0
-0,06538007|1|0|0
-0,1116853|1|0|0
-0,1432211|1|0|0
-0,1759249|1|0|0
-0,189338|1|0|0
-0,201357|1|0|0
-0,2074984|1|0|0
-0,2074984|1|0|0
-0,1743801|1|0|0
-0,1032456|1|0|0
-0,06756534|1|0|0
-0,01839664|1|0|0
0|1|0|0
0|1|0|0
0|1|0|0
0|1|0|0
0|0,1769422|0|0
0|0|0|0
0|0|0|0
0|0|0|0
0|0|0|0
0|0|0|0
0|0|0|0
0|0|0|0
0|0|0|0
0|0,1460846|0|0
0|0,5475725|0|0
0|1|0|0
0|1|0|0
0|1|0|0
0|1|0|0
-0,004305369|1|0|0
-0,007281866|1|0|0
0|1|0|0
0|1|0|0
0|1|0|0
0|1|0|0
0|1|0|0
0|1|0|0
0|1|0|0
0|1|0|0
0|1|0|0
0|1|0|0
0|1|0|0
0|1|0,01878985|-0,001255575
0|1|0,04154925|-0,003065107
0|1|0,05054143|-0,00533704
0|1|0,05629988|-0,006477631
0|1|0,06009465|-0,007186648
0|1|0,06167298|-0,007689124
0|1|0,05491883|-0,0079604
0|1|0,02809645|-0,0079604
0|1|0,001246327|-0,00452013
0|1|0|-0,001754969
0|1|0|0
0|1|0|0
0|1|0|0
0|1|0|0
0|1|0|0
0|1|0|0
0|1|0|0
0|1|0|0
0|1|0|0
0|1|0|0
0|1|-0,0009842998|0
0|1|-0,02926787|0
0|1|-0,03624705|0
0|1|-0,04326322|0
0|1|-0,04754506|0
0|1|-0,01804692|-0,002140303
0|1|0|0
0|1|0|0
0|1|0|0
0|1|0|0
0|1|0|0
0|1|0|0
0|1|0|0
0|1|0|0
0|1|0|0|Joystick1Button1
0|1|0|0
0|1|0|0
0|1|0|0
0|1|0|0
0|1|0|0
0|1|0|0
0|1|0|0
0|1|0|0
0|1|0|0
0|1|0|0
0|1|0|0
0|1|0|0
0|1|0|0
0|1|0|0
0|1|0|0
0|1|0|0
0|1|0|0
0|1|0|0
0,02092101|1|0|0
0,03015191|1|0|0
0,04017404|1|0|0
0,04439389|1|0|0
0,04439389|1|0|0
0,04439389|1|0|0
0,04439389|1|0|0
0,04439389|1|0|0
0,04439389|1|0|0
0,04439389|1|0|0
0,04439389|1|0|0
0,04439389|1|0|0|Joystick1Button1
0,04439389|1|0|0
0,04439389|1|0|0
0,04439389|1|0|0
0,04439389|1|0|0
0,04439389|1|0|0
0,04439389|1|0|0
0,04439389|1|0|0
0,04439389|1|0|0
0,04439389|1|0|0
0,04439389|1|0|0
0,04439389|1|0|0
0,04439389|1|0|0
0,04439389|1|0|0
0,04439389|1|0|0
0,04439389|1|0|0
0,04439389|1|0|0
0,04439389|1|0|0
0,04439389|1|0|0
0,04439389|1|0|0
0,04439389|1|0|0
0,04439389|1|0|0
0,04439389|1|0|0
0,04439389|1|0|0|Joystick1Button1
0,04439389|1|0|0
0,04439389|1|0|0
0,04439389|1|0|0
0,04439389|1|0|0
0,04804857|1|0|0
0,04804857|1|0|0
0,04804857|1|0|0
0,03787573|1|0|0
0,01440286|1|0|0
0|1|0|0
0|1|0|0
0|1|0|0
0|1|0|0
0|1|0|0|Joystick1Button1
0|1|0|0
0|1|0|0
0|1|0|0
0|1|0|0
0|1|0|0
0|1|0|0
0|1|0|0
0|1|0|0
0|1|0|0
0|1|0|0|Joystick1Button1
0|1|0|0
0|1|0|0
0|1|0|0
0|1|0|0
0|1|0|0
0|1|0|0
0|1|0|0
0|1|0|0
0|1|0|0|Joystick1Button1
0|1|0|0
0|1|0|0
0|1|0|0
0|1|0|0
0|1|0|0
0|1|0|0
0|1|0|0
0|1|0|0|Joystick1Button1
0|1|0|0
0|1|0|0
0|1|0|0
0|1|0|0
0|1|0|0
0|1|0|0
0|1|0|0
0|1|0|0
0|1|0|0
0|1|0|0|Joystick1Button1
0|1|0|0
0|1|0|0
0|1|0|0
0|1|0|0
0|1|0|0
0|1|0|0
0|1|0|0
0|1|0|0
0|1|0|0
0|1|0|0|Joystick1Button1
0|1|0|0
0|1|0|0
0|1|0|0
0|1|0|0
0|1|0|0
0|1|0|0
0|1|0|0
0|1|0|0
0|1|0|0
0|1|0|0
0|1|0|0
0|1|0|0
0|1|0|0
0|1|0|0
0|1|0|0
0|1|0|0
0|1|0|0
0|1|0|0
0|1|0|0
0|1|0|0
0|1|0|0
0|1|0|0
0|1|0|0
0|1|0|0
0|1|0|0
0|1|0|0
0|1|0|0
0|1|0|0
0|1|0|0
0|1|0|0
0|1|0|0
0|1|0|0
0|1|0|0|Joystick1Button1
0|1|0|0
0|1|0|0
0|1|0|0
0|1|0|0
0|1|0|0
0|1|0|0
0|1|0|0
0|1|0|0
0|1|0|0
0|1|0|0
0|1|0|0
0|1|0|0
0|1|0|0
0|1|0|0
0|1|0|0
0|1|0|0
0|1|0|0
0|1|0|0
0|1|0|0
0|1|0|0
0|1|0|0|Joystick1Button1
0|1|0|0
0|1|0|0
0|1|0|0
0|1|0|0
0|1|0|0
0|1|0|0
0|1|0|0
0|1|0|0
0|1|0|0
0|1|0|0
0|1|0|0
0|1|0|0
0|1|0|0
0|1|0|0
0|1|0|0
0|1|0|0
0|1|0|0
0|1|0|0
0|1|0|0
0|1|0|0
0|1|0|0
0|1|0|0
0|1|0|0|Joystick1Button1
0|1|0|0
0|1|0|0
0|1|0|0
0|1|0|0
0|1|0|0
0|1|0|0
0|1|0|0
0|1|0|0
0|1|0|0
0|1|0|0
0|1|0|0
0|1|0|0
0|1|0|0
0|1|0|0
0|1|0|0
0|1|0|0
0,0001608773|1|0|0
0,04273609|1|0|0
0,09853597|1|0|0
0,1219335|1|0|0
0,1440877|1|0|0
0,1531679|1|0|0
0,1630393|1|0|0
0,2029394|1|0|0
0,2310466|1|0|0
0,2567801|1|0|0
0,2668776|1|0|0
0,2752419|1|0|0
0,2513169|1|0|0
0,2093822|1|0|0
0,188396|1|0|0
0,1664679|1|0|0
0,1574631|1|0|0
0,1512087|1|0|0
0,1472149|1|0|0
0,1442384|1|0|0
0,141601|1|0|0
0,141601|1|0|0
0,141601|1|0|0
0,141601|1|0|0
0,141601|1|0|0|Joystick1Button1
0,141601|1|0|0
0,141601|1|0|0
0,141601|1|0|0
0,1520753|1|0|0
0,1613061|1|0|0
0,1654506|1|0|0
0,1692937|1|0|0
0,1692937|1|0|0
0,1692937|1|0|0
0,1692937|1|0|0
0,172873|1|0|0
0,172873|1|0|0
0,172873|1|0|0
0,172873|1|0|0
0,1770552|1|0|0
0,2561773|1|0|0
0,3259554|0,9918618|0|0
0,4312254|0,9808977|0|0
0,4867239|0,953092|0|0
0,5409414|0,9208403|0|0
0,5621536|0,907804|0|0
0,5753783|0,8992512|0|0
0,5840063|0,8920926|0|0
0,5893189|0,8894175|0|0
0,5939908|0,8862526|0|0
0,5939908|0,8862526|0|0
0,5939908|0,8862526|0|0
0,5974571|0,8837283|0|0|Joystick1Button0
0,5974571|0,8837283|0|0
0,5891681|0,8979703|0|0
0,5673154|0,9190317|0|0
0,1734382|0,6376587|0|0
0,1428443|0,3598272|0|0
0,0324879|0|0|0
0|0|0|0
0|0|0|0
0|0|0|0
0|0|0|0
0|0|0|0
0|0|0|0|Joystick1Button0
0|0|0|0
0|0|0|0
0|0|0|0
0|0|0|0
0|0|0|0
0|0|0|0
0|0|0|0
0|0|0|0
0|0|0|0
0|0|0|0
0|0|0|0
0|0|0|0
0|0|0|0|Joystick1Button0
0|0|0|0
0|0|0|0
0|0|0|0
0|0|0|0
0|0|0|0
0|0|0|0
0|0|0|0
0|0|0|0
0|0|0|0
0|0|0|0|Joystick1Button0
0|0|0|0
0|0|0|0
0|0|0|0
0|0|0|0
0|0|0|0
0|0|0|0
0|0|0|0
0|0|0|0
0|0|0|0|Joystick1Button0
0|0|0|0
0|0|0|0
0|0|0|0
0|0|0|0
0|0|0|0
0|0|0|0
0|0|0|0
0|0|0|0
0|0|0|0
0|0|0|0
0|0|0|0
0|0|0|0|Joystick1Button0
0|0|0|0
0|0|0|0
0|0|0|0
0|0|0|0
0|0|0|0
0|0|0|0
0|0|0|0
0|0|0|0
0|0|0|0
0|0|0|0
0|0|0|0
0|0|0|0|Joystick1Button0
0|0|0|0
0|0|0|0
0|0|0|0
0|0|0|0
0|0|0|0
0|0|0|0
0|0|0|0
0|0|0|0
0|0|0|0
0|0|0|0
0|0|0|0
0|0|0|0
0|0|0|0|Joystick1Button0
0|0|0|0
0|0|0|0
0|0|0|0
0|0|0|0
0|0|0|0
0|0|0|0
0|0|0|0
0|0|0|0
0|0|0|0
0|0|0|0
0|0|0|0
0|0|0|0
0|0|0|0
0|0|0|0
0|0|0|0
0|0|0|0
0|0|0|0
0|0|0|0
0|0|0|0
-0,1753974|0|0|0
-0,551604|0|0|0
-1|0|0|0
-1|-0,0235584|0|0
-1|-0,1130417|0|0
-1|-0,1668824|0|0
-1|-0,2236619|0|0
-1|-0,2469463|0|0
-1|-0,2812703|0|0
-1|-0,3295724|0|0
-1|-0,3441158|0|0
-1|-0,3571521|0|0
-1|-0,362653|0|0
-1|-0,3771963|0|0
-1|-0,4005562|0|0
-0,9771677|-0,4701459|0|0
-0,9291292|-0,5616261|0|0
-0,8899073|-0,6204402|0|0
-0,8506854|-0,694099|0|0
-0,834974|-0,7247683|0|0
-0,8214479|-0,7521219|0|0
-0,8160977|-0,7624454|0|0
-0,8115011|-0,7715633|0|0
-0,8115011|-0,7749166|0|0
-0,8115011|-0,766816|0|0
-0,8115011|-0,7525363|0|0
-0,8146283|-0,7417607|0|0
-0,8175294|-0,7242031|0|0
-0,8175294|-0,7199079|0|0
-0,8201668|-0,7139172|0|0
-0,8226159|-0,7098481|0|0
-0,8486508|-0,6889372|0|0|Joystick1Button4
-0,8764566|-0,6598505|0|0
-0,9112703|-0,6177651|0|0
-0,9252862|-0,5907128|0|0
-0,9344417|-0,5703672|0|0
-0,9405454|-0,5532241|0|0
-0,9444638|-0,5448221|0|0
-0,9474403|-0,5448221|0|0
-0,9474403|-0,5493057|0|0
-0,9498517|-0,5651678|0|0
-0,9498517|-0,5738335|0|0
-0,9498517|-0,5798619|0|0
-0,9498517|-0,5838179|0|0
-0,9498517|-0,5865684|0|0
-0,9498517|-0,5891681|0|0
-0,9498517|-0,5891681|0|0
-0,9498517|-0,5891681|0|0
-0,9498517|-0,5891681|0|0
-0,9498517|-0,5891681|0|0
-0,9498517|-0,582876|0|0
-0,9498517|-0,5672024|0|0
-0,9498517|-0,5460654|0|0
-0,9576132|-0,5192016|0|0
-0,9694815|-0,4944853|0|0
-1|-0,4707488|0|0
-1|-0,4436965|0|0
-1|-0,4025908|0|0
-1|-0,3657425|0|0
-1|-0,3289319|0,01841376|-0,001107607
-1|-0,2687991|0,04585884|-0,003878933
-1|-0,2275803|0,0500482|-0,00496712
-1|-0,1456701|0,06016247|-0,005891923
-1|-0,09164108|0,08659951|-0,006086131
-1|-0,02932302|0,09090909|-0,006360489
-1|0|0,09090909|-0,006622516
-1|0|0,09090909|-0,006622516
-1|0|0,09090909|-0,006622516
-1|0|0,09090909|-0,006825974
-1|0|0,09090909|-0,006825974
-1|0|0,09090909|-0,006825974
-1|0|0,09090909|-0,006825974
-1|0|0,09090909|-0,006172447
-1|0|0,09090909|-0,005426439
-1|0|0,09090909|-0,003860437
-1|0,03829019|0,07582863|-0,003524426
-0,924495|0,1132678|0|-0,001233997
-0,3223007|0,2188769|0|0
0|0,2660487|0|0
0|0,2800269|0|0
0|0,2558005|0|0
0|0|0|0|Joystick1Button0
0|0|0|0
0|0|0|0
0|0|0|0
0|0|0|0
0|0|0|0
0|0|0|0
0|0|0|0
0|0|0|0
0|0|0|0
0|0|0|0
0|0|0|0
0|0|0|0
0|0|0|0
0|0|0|0
0,2594552|0|0|0
0,306401|0|0|0
0,6560074|0|0|0
1|0|0|0
1|0|0|0
1|0,05912565|0|0
1|0,1609294|0|0
1|0,2866204|0|0|Joystick1Button0
0,9041492|0,3151044|0|0
0,1757742|0,2677819|0|0
0,1343293|0|0|0
0,02755219|0|0|0
0|0|0|0
0|0|0|0
0|0|0|0
0|0|0|0
0|0|0|0
0|0|0|0
0,2129615|0,1132678|0|0
0,5756797|0,4235016|0|0
0,6526918|0,753855|0|0
0,7221309|0,7637641|0|0
0,7375408|0,767871|0|0
0,7456037|0,7716386|0|0
0,7502757|0,7821883|0|0
0,7340745|0,7950739|0|0
0,7141433|0,8108606|0|0
0,7055906|0,8144022|0|0
0,6999767|0,8192626|0|0
0,6959829|0,8237462|0|0
0,6909719|0,8237462|0|0
0,6909719|0,8274385|0|0|Joystick1Button0
0,6881461|0,8274385|0|0
0,6881461|0,8274385|0|0
0,6881461|0,8274385|0|0
0,6971509|0,7990677|0|0
0,6736027|0,4011967|0|0
0,2501489|0,1039992|0|0
0|0|0|0
0|0|0|0|Joystick1Button0
0|0|0|0
0|0|0|0
0|0|0|0
0|0|0|0
0|0|0|0
0|0|0|0
0|0|0|0
0|0|0|0
0|0|0|0
0|0|0|0
0|0|0|0
0|0|0|0
0|0|0|0
0|0|0|0
0|0|0|0
0|0|0|0
0|0|0|0
0|0|0|0
0|0|0|0
0|0|0|0
0|0|-0,004812985|0
0|0|-0,03007553|0
0|0|-0,03865153|0
0|0,252824|-0,04576944|0
-0,1048658|0,5563136|-0,0710998|0
-0,1255505|0,6353227|-0,07445376|0
-0,170311|0,9849291|-0,08089347|0
-0,1950272|1|-0,08394841|0
-0,212095|1|-0,08590283|0
-0,2276556|1|-0,08757672|0
-0,2337593|1|-0,08826724|0
-0,2337593|1|-0,09091218|0
-0,2362083|1|-0,09091218|0
-0,2362083|1|-0,09091218|0
-0,2362083|1|-0,09091218|0
-0,2386197|1|-0,09091218|0
-0,2386197|1|-0,09091218|0
-0,2386197|1|-0,08589666|0
-0,2386197|1|-0,05579123|0
-0,2386197|1|-0,02844171|0
-0,2386197|1|-0,01978555|0
-0,2386197|1|-0,009452414|0
-0,2386197|1|-0,003459689|0
-0,2386197|1|-0,0002814485|0
-0,2386197|1|0|0
-0,2386197|1|0|0
-0,2386197|1|0|0
-0,2386197|1|0|0
-0,2386197|1|0|0
-0,2386197|1|0|0
-0,2386197|1|0|0
-0,2386197|1|0|0
-0,2386197|1|0|0
-0,2386197|1|0|0
-0,2386197|1|0|0
-0,2386197|1|0|0
-0,2386197|1|0|0
-0,2386197|1|0|0
-0,2386197|1|0|0
-0,2386197|1|0|0
-0,2386197|1|0|0
-0,2386197|1|0|0
-0,246758|1|0|0
-0,2676688|1|-0,05532267|0
-0,2858292|1|-0,09091218|0
-0,2996567|1|-0,09091218|0
-0,3056097|1|-0,09091218|0
-0,3082848|1|-0,09091218|0
-0,3147653|1|-0,09091218|0,002886311
-0,3147653|1|-0,08164257|0,0006143784
-0,3174404|1|-0,04637365|0
-0,3174404|1|-0,005355536|0
-0,3082094|1|0|0
-0,2886173|1|0|0
-0,254105|1|0|0
-0,2365851|1|0|0
-0,22061|1|0|0|Joystick1Button1
-0,2114545|1|0|0
-0,2069332|1|0|0
-0,2069332|1|0|0
-0,2033162|1|0|0
-0,2033162|1|0|0
-0,2033162|1|0|0
-0,2033162|1|0|0
-0,2033162|1|0|0
-0,2033162|1|0|0
-0,2033162|1|0|0
-0,186889|1|0|0
-0,1371927|1|0|0
-0,08617786|1|0|0
-0,004795175|1|0|0
0|1|0|0
0|1|0|0
0|1|0|0
0|1|0|0
0|1|0|0
0|1|0|0
0|1|0|0
0|1|0|0
0|1|0|0
0|1|0|0
0|1|0|0
0|1|0|0
0|1|0|0
0|1|0|0
0|1|0|0
0|1|0|0
0|1|0|0
0|1|0|0
0|1|0|0
0|1|0|0
0|1|0|0
0|1|0|0
0|1|0|0
0|1|0|0
0|1|0|0
0|1|0|0
0|1|0|0
0|1|0|0
0|1|0|0
0|1|0|0
0|1|0|0
0|1|0|0
0|1|0|0
0|1|0|0
0|1|0|0|Joystick1Button1
0|1|0|0
0|1|0|0
0|1|0|0
0|1|0|0
0|1|0|0
0|1|0|0
0|1|0|0
0|1|0|0
0|1|0|0
0|1|0|0
0|1|0|0
0,005096602|1|0|0
0,02363376|1|0|0
0,0420579|1|0|0
0,06786676|1|0|0
0,08821245|1|0|0
0,11907|1|0|0
0,1327469|1|0|0
0,1471395|1|0|0
0,1525274|1|0|0
0,1525274|1|0|0
0,1565965|1|0|0
0,1565965|1|0|0
0,1565965|1|0|0
0,1565965|1|0|0
0,1565965|1|0|0
0,1602135|1|0|0
0,1602135|1|0|0
0,1602135|1|0|0
0,1602135|1|0|0
0,1602135|1|0|0
0,1602135|1|0|0
0,1602135|1|0|0
0,1637175|1|0|0
0,1637175|1|0|0
0,1637175|1|0|0
0,1637175|1|0|0
0,1637175|1|0|0
0,1637175|1|0|0
0,1637175|1|0|0
0,1637175|1|0|0
0,1637175|1|0|0
0,1637175|1|0|0
0,1637175|1|0|0
0,1637175|1|0|0
0,1548257|1|0|0
0,14032|1|0|0
0,1089349|1|0|0
0,09002093|1|0|0
0,05980384|1|0|0
0,03094313|1|0|0
0|1|0|0
0|1|0|0
0|1|0|0
0|1|0|0
0|1|0|0
0|1|0|0
0|1|0|0
0|1|0|0
0|1|0|0
0|1|0|0
0|1|0|0
0|1|0|0
0|1|-0,003055859|0
0|1|-0,03378091|0
0|1|-0,04036243|0
0|1|-0,04823558|0
0|1|-0,05240336|0
0|1|-0,05677461|0,001400461
0|1|-0,0576285|0,0002537045
0|1|-0,05155255|0
0|1|-0,04490321|0
0|1|-0,04019596|0
0|1|-0,03776681|0
0|1|-0,03776681|0
0|1|-0,03849432|0
0|1|-0,03900913|0
0|1|-0,03930815|0
0|1|-0,03848816|0
0|1|-0,03780996|0
0|1|-0,03737531|0
0|1|-0,04069535|0
0|1|-0,04717514|0
0|1|-0,07112756|0
0|1|-0,07370467|0
0|1|-0,07235754|0
0|1|-0,04829724|0
0|1|-0,005010276|0
0|1|0|0
0|1|0|0
0|1|0|0
0|1|0|0
0|1|0|0|Joystick1Button1
0|1|0|0
0|1|0|0
0|1|0|0
0,05166558|1|0|0
0,1235913|1|0|0
0,1792405|1|0|0
0,2420106|1|0|0
0,2662371|1|0|0
0,2866204|1|0|0
0,2947587|1|0|0
0,2998451|1|0|0
0,2872986|1|0|0
0,2326667|1|0|0
0,1963082|1|0|0
0,1540345|1|0|0
0,1040369|1|0|0
0,05019616|1|0|0
0,0123683|1|0|0
0|1|0|0
0|1|0|0
0|1|0|0
0|1|0|0
0|1|0|0
0|1|0|0
0|1|0|0
0|1|0|0
0|1|0|0
0|1|0|0
0|1|0|0
0|1|0|0
0|1|0|0
0|1|0|0
0|1|0|0
0|1|0|0
0|1|0|0
0|1|0|0
0|1|0|0
0|1|0|0
0|1|0|0
0|1|0|0
0|1|0|0
0|1|0|0
0|1|0|0
0|1|0|0
0|1|0|0
0|1|0|0
0|1|0|0|Joystick1Button1
0|1|0|0
0|1|0|0
0|1|0|0
0|1|0|0
0|1|0|0
0|1|0|0
0|1|0|0
0|1|0|0
0|1|0|0
0|1|0|0
0|1|0|0
0|1|0|0
0|1|0|0
0|1|0|0
0|1|0|0
0|1|0|0
0|1|0|0
0|1|0|0
0|1|0|0
0|1|0|0
0|1|0|0
0|1|0|0
0|1|0|0
0|1|0|0
0|1|0|0
0|1|0|0
0|1|0|0
0|1|0|0
0|1|0|0
0|1|0|0|Joystick1Button1
0|1|0|0
0|1|0|0
0|1|0|0
0|1|0|0
0|1|0|0
0|1|0|0
0|1|0|0
0|1|0|0
0|1|0|0
0|1|0|0
0|1|0|0
0|1|0|0
0|1|0|0
0|1|0|0
0|1|0|0
0|1|0|0
0|1|0|0
0|1|0|0
0|1|0|0
0|1|0|0
0|1|0|0
0|1|0|0
0|1|0|0
0|1|0|0
0|1|0|0
0|1|0|0
0|1|0|0
0|1|0|0
0|1|0|0
0|1|0|0
0|1|0|0
0|1|0|0
0|1|0|0
0|1|0|0
0|1|0|0
0|1|0|0
0|1|0|0
0|1|0|0
0|1|0,02028803|-0,001902938
0|1|0,02689729|-0,004988698
0|1|0,05536891|-0,00922738
0|1|0,05835602|-0,01083962
0|1|0,06032893|-0,01001038
0|1|0|-0,003324051
0|1|0|-0,0004386652
0|1|0|0
0|1|0|0
0|1|0|0|Joystick1Button1
0|1|0|0
0|1|0|0
0|1|0|0
0|1|0|0
0|1|0|0
0|1|0|0
0|1|0|0
0|1|0|0
0|1|0|0
0|1|0|0
0|1|0|0
0|1|0|0
0|1|0|0
0|1|0|0
0|1|0|0
0|1|0|0
0|1|0|0
0|1|0|0
0|1|0|0
0|1|0|0
0,02092101|1|0|0
0,02992585|1|0,03439128|0
0,03618026|1|0,09090909|-0,0002660356
0,04032475|1|0,09090909|-0,0005249809
0,04382873|1|0,09090909|-0,001144598
0,04382873|1|0,09090909|-0,002753757
0,01583458|1|0,09090909|-0,005364785
0|1|0,09090909|-0,006351242
0|1|0,09090909|-0,007223639
0|1|0,09090909|-0,007522659
0|1|0,04567079|-0,007522659
0|1|0,01627746|-0,006770486
0|1|0|-0,003644651
0|1|0|-0,001045953
0|1|0|0
0|1|0|0
0|1|0|0
0|1|0|0
0|1|0|0
0|1|0|0
0|1|0|0
0|1|0|0
0|1|0|0
0|1|0|0
0|1|0|0
0|1|0|0
0|1|0|0
0|1|0|0
0|1|0|0
0|1|0|0
0|1|0|0
0|1|0|0
0|1|0|0
0|1|0|0
0|1|0|0
0|1|0|0
0|1|0|0
0|1|0|0|Joystick1Button0
0|1|0|0
-0,02137314|1|0|0
-0,06684948|1|0|0
-0,1069757|1|0|0
-0,1221596|1|0|0
-0,1354219|1|0|0
-0,1419777|1|0|0
-0,1419777|1|0|0
-0,1188063|1|0|0
-0,07483705|1|0|0
-0,002609892|1|0|0
0|1|0|0
0|1|0|0
0|1|0|0
0|1|0|0
0|1|0|0
0|1|0|0
0,001328871|1|0|0
0,07868012|1|0|0
0,1085581|1|0|0
0,1346307|1|0|0
0,1478554|1|0|0
0,1530925|1|0|0
0,1565965|1|0|0
0,137042|1|0|0
0,09250762|1|0|0
0,07577895|1|0|0
0,05972849|1|0|0
0,05354944|1|0|0
0,04955565|1|0|0
0,04680523|1|0|0
0,04424318|1|0,02189718|-0,0001057362
0,04424318|1|0,04789341|-0,0005773861
0,04424318|1|0,05470921|-0,0008301649
0,04424318|1|0,05949045|-0,001039788
0,05042224|1|0,06460769|-0,001224748
0,07751212|1|0,09090909|-0,001224748
0,1231392|1|0,09090909|-0,001875194
0,1483075|1|0,09090909|-0,002137221
0,1773566|1|0,09090909|-0,002374588
0,2510155|1|0,09090909|-0,002374588
0,2919329|1|0,07938605|-0,002374588
0,3308911|0,998832|0|0
0,3456982|0,998832|0|0
0,3554566|0,998832|0|0
0,3616734|0,998832|0|0
0,3658178|0,998832|0|0
0,3693972|0,9962323|0|0
0,3693972|0,9962323|0|0
0,3693972|0,9962323|0|0
0,3693972|0,9962323|0|0
0,3693972|0,9962323|0|0|Joystick1Button0
0,3728635|0,9962323|0|0
0,3728635|0,9962323|0|0
0,3728635|0,9962323|0|0
0,3728635|0,9962323|0|0
0,3728635|0,9962323|0|0
0,3728635|0,9962323|0|0
0,3728635|0,9962323|0|0
0,3728635|0,9962323|0|0
0,3599402|1|0|0
0,3175911|1|0|0
0,2490563|1|0|0
0,2193667|1|0|0
0,1688039|1|0|0
0,1146618|1|0|0
0,06824353|1|0|0
0,004719823|1|0|0
0|1|0|0
0|1|0|0
0|1|0|0
0|1|0|0
0|1|0|0
0|1|0|0
0|1|0|0
-0,0446953|1|0|0
-0,09088752|1|0|0
-0,1540345|1|0|0
-0,1870397|1|0|0
-0,2211752|1|0|0
-0,2461552|1|0|0
-0,2714365|0,9551265|0|0
-0,2104748|0,2949848|0|0|Joystick1Button0
0|0|0|0
0|0|0|0
0|0|0|0
0|0|0|0
0|0|0|0
0|0|0|0
0|0|0|0
0|0|0|0
0|0|0|0
0|0|0|0
0|0|0|0
0|0|0|0
0|0|0|0
0|0|0|0
0|0|0|0
0|0|0|0
0|0|0|0
0|0|0|0
0|0|0|0
0|0|0|0|Joystick1Button0
0|0|0|0
0|0|0|0
0|0|0|0
0|0|0|0
0|0|0|0
0|0|0|0
0|0|0|0
0|0|0|0
0|0|0|0
0|0|0|0
0|0|0|0|Joystick1Button0
0|0|0|0
0|0|0|0
0|0|0|0
0|0|0|0
0|0|0|0
0|0|0|0
0|0|0|0
0|0|0|0|Joystick1Button0
0|0|0|0
0|0|0|0
0|0|0|0
0|0|0|0
0|0|0|0
0|0|0|0
0|0|0|0
0|0|0|0
0|0|0|0|Joystick1Button0
0|0|0|0
0|0|0|0
0|0|0|0
0|0|0|0
0|0|0|0
0|0|0|0
0|0|0|0
0|0|0|0
0|0|0|0|Joystick1Button0
0|0|0|0
0|0|0|0
0|0|0|0
0|0|0|0
0|0|0|0
0|0|0|0
0|0|0|0
0|0|0|0
0|0|0|0|Joystick1Button0
0|0|0|0
0|0|0|0
0|0|0|0
0|0|0|0
0|0|0|0
0|0|0|0
0|0|0|0
0|0|0|0|Joystick1Button0
0|0|0|0
0|0|0|0
0|0|0|0
0|0|0|0
0|0|0|0
0|0|0|0
0|0|0|0
0|0|0|0
0|0|0|0
0|0|0|0|Joystick1Button0
0|0|0|0
0|0|0|0
0|0|0|0
0|0|0|0
0|0|0|0
0|0|0|0
0|0|0|0
0|0|0|0
0|0|0|0|Joystick1Button0
0|0|0|0
0|0|0|0
0|0|0|0
0|0|0|0
0|0|0|0
0|0|0|0
0|0|0|0
0|0|0|0|Joystick1Button0
0|0|0|0
0|0|0|0
0|0|0|0
0|0|0|0
0|0|0|0
0|0|0|0
0|0|0|0
0|0|0|0|Joystick1Button0
0|0|0|0
0|0|0|0
0|0|0|0
0|0|0|0
0|0|0|0
0|0|0|0
0|0|0|0
0|0|0|0
0|0|0|0|Joystick1Button0
0|0|0|0
0|0|0|0
0|0|0|0
0|0|0|0
0|0|0|0
0|0|0|0
0|0|0|0
0|0|0|0|Joystick1Button0
0|0|0|0
0|0|0|0
0|0|0|0
0|0|0|0
0|0|0|0
0|0|0|0
0|0|0|0|Joystick1Button0
0|0|0|0
0|0|0|0
0|0|0|0
0|0|0|0
0|0|0|0
0|0|0|0
0|0|0|0
0,04642845|0|0|0
0,1074655|0|0|0
0,1746062|0,02389751|0|0
0,2307075|0,05392622|0,03382715|0
0,2810442|0,09081216|0,07610916|0
0,3622762|0,1470265|0,09090909|0
0,4528144|0,1958938|0,09090909|0
0,5037163|0,2237372|0,09090909|6,257829E-05
0,5531487|0,2556498|0,09090909|0
0,5840817|0,2863944|0,09090909|0
0,6198373|0,332775|0,09090909|0
0,643687|0,3660439|0,09090909|0
0,671003|0,4044746|0,09090909|0
0,6826075|0,4461455|0,09090909|0
0,6903313|0,495352|0,09090909|0
0,6991101|0,5526212|0,09090909|0
0,6991101|0,5830267|0,09090909|0
0,7029532|0,6056707|0,09090909|0
0,7064571|0,647191|0,09090909|0
0,7308719|0,6655774|0,09090909|0
0,7653843|0,681854|0,09090909|0
0,7787973|0,687807|0,09090909|0
0,791909|0,691537|0,09090909|0
0,7974852|0,691537|0,09090909|0
0,8017051|0,6793296|0,09090909|0
0,8054727|0,6619604|0,09090909|0
0,8093912|0,6550278|0,09090909|0
0,8093912|0,6524281|0,09090909|0
0,8093912|0,6463243|0,09090909|0
0,8130459|0,6463243|0,09090909|0
0,8130459|0,6438754|0,007642885|0
0,8130459|0,6438754|0|0
0,8130459|0,6438754|0|0
0,8130459|0,6438754|0|0
0,8130459|0,6438754|0|0|Joystick1Button0
0,8130459|0,6438754|0|0
0,8130459|0,6438754|0|0
0,8130459|0,6438754|0|0
0,8130459|0,6438754|0|0
0,8130459|0,6438754|0|0
0,8130459|0,6438754|0|0
0,8130459|0,6438754|0|0
0,8130459|0,6438754|0|0
0,8130459|0,6438754|0|0|Joystick1Button0
0,8130459|0,6438754|0|0
0,8130459|0,6438754|0|0
0,8130459|0,6438754|0|0
0,8010645|0,6975654|0|0
0,7432301|0,7569445|0|0
0,6236051|0,866133|0|0
0,3229035|1|0|0
0,006038521|1|0|0
0|1|0|0|Joystick1Button0
-0,2272789|0,9930297|0|0
-0,5220651|0,9753968|0|0
-0,6199127|0,8894929|0|0
-0,6692321|0,8509491|0|0
-0,7289881|0,8049076|0|0
-0,7603732|0,7607123|0|0
-0,8024209|0,7033299|0|0
-0,8390431|0,6706261|0|0
-0,8608582|0,6535584|0|0|Joystick1Button0
-0,8715962|0,6473417|0|0
-0,8774738|0,6404845|0|0
-0,8808271|0,6404845|0|0
-0,8592381|0,6685539|0|0
-0,8296615|0,7191167|0|0
-0,8126691|0,739161|0|0
-0,7876138|0,7621063|0|0
-0,7469978|0,7904395|0|0|Joystick1Button0
-0,4318659|1|0|0
-0,1618713|1|0|0
0|1|0|0
0,03975959|1|0|0
0,102153|1|0|0
0,3842797|0,9883954|0|0
0,5027744|0,9317667|0|0
0,6396933|0,838365|0|0
0,7500496|0,7210005|0|0|Joystick1Button0
0,857731|0,6107195|0|0
0,8885886|0,5815949|0|0
0,9275468|0,5277543|0|0
1|0,4067729|0|0
1|0,3120902|0|0
1|0,2143933|0|0
1|0,1381347|0|0|Joystick1Button0
1|0|0|0
1|0|0|0
1|0|0|0
1|0|0|0
1|-0,3108468|0|0
0,9398295|-0,4466354|0|0
0,8859136|-0,7477136|0|0
0,5914288|-0,799143|0|0|Joystick1Button0
0,4974242|-1|0|0
0,1792405|-1|0|0
0,1318803|-1|0|0
0|-1|0|0
0|-1|0|0
0|-1|0|0
0|-1|0|0
0|-1|0|0
0|-1|0|0|Joystick1Button0
0|-1|0|0
0|-1|0|0
0|-1|0|0
-0,02295557|-1|0|0
-0,04085223|-1|0|0
-0,07468635|-1|0|0
-0,1105927|-1|0|0
-0,1304862|-1|0|0|Joystick1Button0
-0,1646594|-1|0|0
-0,1827445|-1|0|0
-0,2143556|-1|0|0
-0,2500359|-1|0|0
-0,2701555|-1|0|0
-0,2927995|-1|0|0
-0,3127307|-1|0|0|Joystick1Button0
-0,3782513|-1|0|0
-0,4176993|-1|0|0
-0,449009|-1|0|0
-0,4812984|-1|0|0
-0,4978387|-0,9989074|0|0
-0,5242127|-0,9989074|0|0
-0,5405645|-0,9954411|0|0
-0,5497954|-0,9919371|0|0
-0,5528473|-0,9919371|0|0|Joystick1Button0
-0,5555601|-0,9919371|0|0
-0,5583105|-0,9919371|0|0
-0,5583105|-0,9919371|0|0
-0,5583105|-0,9919371|0|0
-0,5583105|-0,9919371|0|0
-0,5583105|-0,9919371|0|0
-0,5583105|-0,9919371|0|0|Joystick1Button0
-0,5583105|-0,9919371|0|0
-0,5606842|-0,9919371|0|0
-0,5606842|-0,9919371|0|0
-0,5606842|-0,9919371|0|0
-0,5606842|-0,9919371|0|0
-0,5606842|-0,9919371|0|0
-0,5606842|-0,9919371|0|0
-0,5033019|-1|0|0|Joystick1Button0
-0,1897901|-1|0|0
-0,1257766|-1|0|0
-0,06112256|-1|0|0
0|-1|0|0
0|-1|0|0
0|-1|0|0
0,3117888|-1|0|0
0,405944|-0,966618|0|0|Joystick1Button0
0,4707488|-0,9408091|0|0
0,555334|-0,8886263|0|0
0,6210054|-0,8526069|0|0
0,6600012|-0,8311309|0|0
0,6945134|-0,8096172|0|0
0,7297793|-0,7806812|0|0
0,7512177|-0,7632366|0|0
0,7590545|-0,7540811|0|0|Joystick1Button0
0,7641409|-0,7540811|0|0
0,7772903|-0,7352425|0|0
0,787011|-0,7171575|0|0
0,7908163|-0,7077005|0|0
0,7946594|-0,7042342|0|0
0,7946594|-0,7005419|0|0
0,7946594|-0,7005419|0|0|Joystick1Button0
0,7946594|-0,7005419|0|0
0,7946594|-0,7005419|0|0
0,7946594|-0,7005419|0|0
0,7946594|-0,7078889|0|0
0,7747282|-0,7280085|0|0
0,75491|-0,7396131|0|0
0,7309473|-0,7595819|0|0
0,7205484|-0,7722792|0|0
0,7074745|-0,790967|0|0|Joystick1Button0
0,7038951|-0,7963172|0|0
0,7014461|-0,7995198|0|0
0,6989594|-0,8018934|0|0
0,6962843|-0,8018934|0|0
0,6910472|-0,8044178|0|0
0,6751474|-0,8073943|0|0
0,6650499|-0,8102201|0|0|Joystick1Button0
0,6609808|-0,8102201|0|0
0,6581927|-0,8102201|0|0
0,6553669|-0,8102201|0|0
0,6553669|-0,8127444|0|0
0,6553669|-0,8127444|0|0
0,6553669|-0,8127444|0|0
0,6553669|-0,8127444|0|0
0,6553669|-0,8127444|0|0|Joystick1Button0
0,6553669|-0,8127444|0|0
0,6553669|-0,8127444|0|0
0,6553669|-0,8127444|0|0
0,6553669|-0,8127444|0|0
0,6553669|-0,8127444|0|0
0,6553669|-0,8127444|0|0
0,6553669|-0,8127444|0|0
0,6553669|-0,8127444|0|0
0,6553669|-0,8127444|0|0|Joystick1Button0
0,6632791|-0,8127444|0|0
0,6721709|-0,8127444|0|0
0,6821177|-0,8127444|0|0
0,689088|-0,8127444|0|0
0,703556|-0,7963172|0|0
0,717798|-0,7832056|0|0
0,7435692|-0,765648|0|0
0,7616542|-0,7478266|0|0
0,7807565|-0,7246175|0,04773002|-0,004513965
0,8000849|-0,6898792|0,09090909|-0,005913501
0,8232941|-0,6496023|0,09090909|-0,005189071
0,8478973|-0,6174636|0,09090909|-0,004757497
0,875816|-0,5650171|0,09090909|-0,004446146
0,9032074|-0,5311453|0,09090909|-0,004171788
0,9165074|-0,5181466|0,09090909|-0,004171788
0,9350822|-0,4922247|0,09090909|-0,002300603
0,9493995|-0,4719544|0,01607401|0
0,9634532|-0,454736|0,007269879|0
0,9767155|-0,4389115|0|0
0,983422|-0,4354452|0|0
0,9885838|-0,4268925|0|0|Joystick1Button0
1|-0,4268925|0|0
1|-0,3947916|0|0
1|-0,3442665|0|0
1|-0,2698917|0|0
1|-0,2255457|0|0
1|-0,2085533|0|0
1|-0,1937839|0|0
1|-0,1879816|0|0|Joystick1Button0
1|-0,1845153|0|0
1|-0,1808229|0|0
1|-0,171366|0|0
1|-0,1554285|0|0
1|-0,1364769|0|0
1|-0,127359|0|0
1|-0,1179774|0|0
1|-0,1179774|0|0
1|-0,114285|0|0|Joystick1Button0
1|-0,114285|0|0
1|-0,1065989|0|0
1|-0,08459543|0|0
1|-0,07099397|0|0
1|-0,06059508|0|0
1|-0,05313499|0|0
1|-0,04857606|0|0
1|-0,0450344|0|0|Joystick1Button0
1|-0,03945818|0|0
1|-0,009128046|0|0
1|0|0|0
1|0|0|0
1|0|0|0
1|0|0|0
1|0|0|0
1|0|0|0|Joystick1Button0
1|0|0|0
1|0|0|0
1|0|0|0
1|0|0|0
1|0|0|0
1|0|0|0
1|0|0|0
1|0|0|0
1|0|0|0|Joystick1Button0
1|0,01376234|0|0
1|0,05407692|0|0
1|0,1030572|0|0
1|0,1717804|0|0
1|0,2070839|0|0
1|0,2373387|0|0
1|0,2523719|0|0
1|0,2580988|0|0
1|0,2620172|0|0|Joystick1Button0
1|0,2657849|0|0
1|0,2657849|0|0
1|0,2768997|0|0
1|0,2952108|0|0
1|0,3326996|0|0
0,9868883|0,4191687|0|0
0,960665|0,4885324|0|0
0,8869308|0,777441|0|0|Joystick1Button0
0,8150051|0,8022325|0|0
0,7023127|0,8734424|0|0
0,6472287|0,9135309|0|0
0,5881508|0,9490605|0|0
0,5554094|0,9633778|0|0
0,5059016|0,9767532|0|0
0,4702966|0,9830453|0|0
0,4355206|1|0|0
0,4111812|1|0|0|Joystick1Button0
0,3901573|1|0|0
0,3819436|1|0|0
0,3762921|1|0|0
0,3730895|0,9964961|0|0
0,4052281|0,9938209|0|0
0,4438096|0,9912965|0|0
0,4666796|0,9912965|0|0
0,5437672|0,935572|0|0
0,689314|0,5765086|0|0
0,7217918|0,2880521|0|0
0,200189|0|0|0
0|0|0|0
0|0|0|0
0|0|0|0
0|0|0|0
0|0|0|0
0|0|0,01897789|-0,0003770116
0|0|0,05971856|-0,001533016
-0,1235159|-0,194349|0,09090909|0
-0,1984935|-0,3152551|0,09090909|0
-0,2328174|-0,4093727|0,09090909|0
-0,2430279|-0,6914993|0,09090909|0
-0,2041074|-0,7982764|0,09090909|0
-0,1860224|-1|0,0887543|0
-0,1744555|-1|-0,01626821|-0,01056526
-0,1666186|-1|0|0
-0,1605149|-1|0|0
-0,1428443|-1|0|0|Joystick1Button1
-0,1328222|-1|0|0
-0,1191077|-1|0|0
-0,08727051|-1|0|0
-0,05754323|-1|0|0
-0,0281927|-1|0|0
-0,008562888|-1|0|0
0|-1|0|0
0|-1|0|0
0|-1|0|0
0|-1|0|0
0|-1|0|0
0|-1|0|0
0|-1|0|0
0|-1|0|0
0|-1|0|0
0|-1|0,01363869|0
0|-1|0,05653416|0
0|-1|0,09090909|0
0|-1|0,09090909|0
0|-1|0,09090909|0
0|-1|0,09090909|0,001693315
0|-1|0,09090909|0,0002598701
0|-1|0,09090909|0
0|-1|0,09090909|0
0,01074817|-1|0,08856626|0
0,2761839|-1|-0,01046045|0
0,3319837|-0,9850045|0|0
0,3571898|-0,9783356|0|0
0,4323181|-0,9489098|0|0
0,4955404|-0,9133801|0|0
0,6314796|-0,8155703|0|0
0,9534687|-0,4571473|0|0
1|-0,1374188|0|0
1|0|0|0
1|0,08915439|0|0
0,9488344|0,4077148|0|0
0,9078417|0,7731081|0|0
0,8483494|0,7856922|0|0
0,7716386|0,8107853|0|0
0,6991101|0,8602554|0|0
0,4036081|0,9079547|0|0|Joystick1Button0
0,3200401|1|0|0
0,01575923|1|0|0
0|1|0|0
0|1|0|0
0|1|0|0
0|1|0|0
0|1|0|0
0|1|0|0
0,2159381|1|0|0|Joystick1Button0
0,5210101|0,9907314|0|0
0,5484768|0,95215|0|0
0,6037869|0,9018133|0|0
0,6382238|0,8720106|0|0
0,6876186|0,8354638|0|0
0,7138042|0,8182454|0|0
0,7445111|0,7972592|0|0
0,7581879|0,7890832|0|0
0,7665522|0,783733|0|0
0,7722792|0,7802668|0|0|Joystick1Button0
0,7770642|0,777441|0|0
0,7809072|0,777441|0|0
0,7809072|0,7747659|0|0
0,7892716|0,7673812|0|0
0,7988793|0,7304575|0|0
0,8163615|0,6853957|0|0
0,8498565|0,6424813|0|0|Joystick1Button0
0,9074272|0,5677675|0|0
1|0,3917398|0|0
1|0,09793315|0|0
1|0|0|0
1|0|0|0
1|-0,1628132|0|0
0,9511704|-0,4252348|0|0
0,9119107|-0,4945607|0|0
0,5710077|-0,8227289|0|0
0,2966802|-1|0|0
0|-1|0|0|Joystick1Button0
-0,07984811|-1|0|0
-0,374898|-1|0|0
-0,4450906|-0,9656008|0|0
-0,5235721|-0,9408845|0|0
-0,6227385|-0,8880612|0|0
-0,7046487|-0,8386286|0|0
-0,7456791|-0,8040034|0|0
-0,7861444|-0,7565301|0|0
-0,8128951|-0,7276694|0|0|Joystick1Button0
-0,8251025|-0,715575|0|0
-0,8399097|-0,7029909|0|0
-0,8640608|-0,6798194|0|0
-0,8835022|-0,6603026|0|0
-0,8887393|-0,6553669|0|0
-0,8922433|-0,6517499|0|0
-0,8952198|-0,6481329|0|0
-0,8952198|-0,6481329|0|0
-0,8975935|-0,6481329|0|0|Joystick1Button0
-0,8975935|-0,6481329|0|0
-0,8975935|-0,6481329|0|0
-0,8975935|-0,6481329|0|0
-0,8975935|-0,6481329|0|0
-0,8975935|-0,6481329|0|0
-0,8975935|-0,6481329|0|0|Joystick1Button0
-0,8975935|-0,6481329|0|0
-0,8927331|-0,6481329|0|0
-0,8927331|-0,6481329|0|0
-0,8952951|-0,6481329|0|0
-0,8952951|-0,6481329|0|0
-0,8978195|-0,6481329|0|0
-0,8978195|-0,6481329|0|0
-0,8978195|-0,6481329|0|0
-0,8978195|-0,6481329|0|0
-0,8978195|-0,6481329|0|0
-0,8978195|-0,6481329|0|0|Joystick1Button0
-0,8978195|-0,6481329|0|0
-0,8978195|-0,6481329|0|0
-0,8929592|-0,6481329|0|0
-0,8929592|-0,6481329|0|0
-0,8883249|-0,6481329|0|0
-0,8883249|-0,6481329|0|0
-0,8846701|-0,6513354|0|0
-0,8717469|-0,6724724|0|0
-0,8579947|-0,6916877|0|0
-0,836368|-0,7204354|0|0
-0,8252533|-0,7346774|0|0
-0,8157963|-0,75118|0|0
-0,8035889|-0,7673812|0|0
-0,7829418|-0,789573|0|0
-0,7469978|-0,8203552|0|0
-0,6986203|-0,8573166|0|0
-0,6559697|-0,8926954|0|0
-0,6331374|-0,9086705|-0,001533016|0
-0,6091747|-0,9257383|-0,02992448|-0,0002999451
-0,5850236|-0,9467998|-0,03824154|-0,001052118
-0,5700658|-0,9575001|-0,04455795|-0,00132956
-0,5591771|-0,9674092|-0,04903091|-0,004304343
-0,5529981|-0,9715537|0|-0,003484351
-0,5482884|-0,9743795|0|-0,0007654296
-0,5536386|-0,9743795|0|0
-0,5817081|-0,9502661|0|0
-0,6196866|-0,9255499|0|0
-0,6768806|-0,8776999|0|0
-0,7076252|-0,8509491|0|0
-0,7520842|-0,7997082|0|0
-0,7712619|-0,7784582|0|0
-0,8281544|-0,7233742|0|0
-0,8575803|-0,6896908|0|0
-0,8910753|-0,6551031|0|0
-0,906749|-0,6391657|0|0
-0,9172986|-0,6275989|0|0|Joystick1Button0
-0,9263788|-0,6176143|0|0
-0,9302972|-0,6131308|0|0
-0,9332737|-0,6131308|0|0
-0,9358357|-0,6131308|0|0
-0,9358357|-0,6131308|0|0
-0,9358357|-0,6131308|0|0
-0,9358357|-0,6131308|0|0|Joystick1Button0
-0,9358357|-0,6131308|0|0
-0,9358357|-0,6131308|0|0
-0,9358357|-0,6131308|0|0
-0,9358357|-0,6131308|0|0
-0,9317667|-0,6186317|0|0
-0,8963878|-0,6543496|0|0
-0,8662838|-0,6942497|0|0
-0,833806|-0,7427779|0|0
-0,818283|-0,7682477|0|0
-0,8121793|-0,7777801|0|0
-0,8072436|-0,7840721|0|0
-0,8035889|-0,7881413|0|0
-0,7998965|-0,790741|0|0
-0,7998965|-0,793416|0|0
-0,7998965|-0,793416|0|0
-0,7998965|-0,793416|0|0
-0,7998965|-0,793416|0|0
-0,7998965|-0,793416|0|0
-0,7998965|-0,793416|0|0
-0,7998965|-0,793416|0|0
-0,7998965|-0,793416|0|0
-0,7998965|-0,793416|0|0
-0,7998965|-0,793416|0|0
-0,764706|-0,8171527|0|0
-0,7251074|-0,8455989|0|0
-0,6919891|-0,8710688|0|0|Joystick1Button1
-0,6228892|-0,922498|0|0
-0,5814819|-0,9494749|0|0
-0,5439178|-1|0|0
-0,4878165|-1|0|0
-0,4626105|-1|0|0
-0,4403056|-1|0|0
-0,4317905|-1|0|0
-0,426365|-1|0|0
-0,4228611|-1|0|0
-0,4193948|-1|0|0
-0,4193948|-1|0|0
-0,4193948|-1|0|0
-0,348524|-1|0|0
-0,06635967|-1|0|0
0,1536577|-1|0|0
0,4640799|-0,9780719|0|0
0,5091041|-0,9390007|0|0
0,6300102|-0,8474075|0|0
0,6959075|-0,7805305|0,02553474|-0,0001396457
0,7879529|-0,6681018|0,06690736|-0,001295649
1|-0,5764332|0,09090909|-0,001295649
1|-0,2374894|0,09090909|-0,001295649
1|-0,2024119|0,09090909|-0,001295649
1|-0,1230262|0,09090909|-0,001295649
1|-0,04141739|0,09090909|-0,001295649
1|0|0,09090909|0
1|0|0,09090909|0
1|0|0,09090909|0
1|0|0,031808|0
1|0|0|0
1|0|0|0
1|0|0|0
1|0|0|0
1|0|0|0
1|0|0|0
1|0|0|0
1|0,03512529|0|0
1|0,09198016|0|0
1|0,148835|0|0
1|0,1708385|0|0
1|0,1898654|0|0
1|0,1940099|0|0
1|0,2039944|0|0
1|0,2039944|0|0
1|0,2039944|0|0|Joystick1Button0
1|0,1826314|0|0
1|0,1526027|0|0
1|0,1465367|0|0
1|0,1465367|0|0
1|0,1465367|0|0
1|0,1465367|0|0
1|0,1648478|0|0|Joystick1Button0
1|0,1848921|0|0
1|0,2885043|0|0
0,8991382|0,6341923|0|0
0,839759|0,6995999|0|0
0,7648568|0,7665145|0|0
0,668667|0,8645506|0|0
0,6034855|0,9095371|0|0
0,5147181|0,9510574|0|0
0,4618946|1|0|0|Joystick1Button0
0,4033067|1|0|0
0,3475821|1|0|0
0,306401|1|0|0
0,2847366|1|0|0
0,2761839|1|0|0
0,2707207|1|0|0
0,2672544|1|0|0
0,2643155|1|0|0|Joystick1Button0
0,2643155|1|0|0
0,2643155|1|0|0
0,2617912|1|0|0
0,2617912|1|0|0
0,2617912|1|0|0
0,2617912|1|0|0
0,2245284|1|0|0|Joystick1Button0
0,2040321|1|0|0
0,1461976|1|0|0
0,1064482|1|0|0
0,05878657|1|0|0
0|1|0|0
0|1|0|0
0|1|0|0
0|1|0|0
0|1|0|0
-0,0463531|1|0|0|Joystick1Button0
-0,1588948|1|0|0
-0,2080258|1|0|0
-0,2932516|0,9918618|0|0
-0,4097871|0,9733623|0|0
-0,4975749|0,9290916|0|0
-0,5841571|0,8816183|0|0
-0,6878446|0,8008761|0|0
-0,8092782|0,6855463|0|0|Joystick1Button0
-1|0,3768196|0|0
-1|0,2553484|0|0
-1|0|0|0
-1|0|0|0
-1|0|0|0
-0,8115011|-0,1240434|0|0
-0,4623091|-0,1532056|0|0
0|-0,1785246|0|0|Joystick1Button0
0|-0,1812751|0|0
0,1843269|-0,2432163|0|0
0,4963315|-0,542147|0|0
0,5855511|-0,6139974|0|0
0,6369051|-0,6601519|0|0
0,7059297|-0,6931571|0|0
0,8324497|-0,5875857|0|0
1|-0,2860929|0|0
1|0|0|0|Joystick1Button0
1|0|0|0
1|0|0|0
1|0|0|0
1|0|0|0
1|0|0|0
1|0|0|0
1|0|0|0
1|0,03018959|0|0
1|0,04582562|0|0|Joystick1Button0
1|0,05565935|0|0
1|0,05565935|0|0
1|0,05942708|0|0
1|0,05942708|0|0
1|0,05942708|0|0
1|0,05942708|0|0
1|0,05449137|0|0|Joystick1Button0
1|0,03365589|0|0
1|0,02099636|0|0
1|0,01413912|0|0
1|0,0006883601|0|0
1|0|0|0
1|0|0|0|Joystick1Button0
1|0|0|0
1|0|0|0
1|0|0|0
1|0|0|0
1|0|0|0
1|0|0|0
1|0|0|0
1|0|0|0
1|0|0|0
1|0|0|0
1|0|0|0
1|0|0|0
1|0|0|0
1|0|0|0
1|0|0|0
1|0|0|0
1|0|0|0
1|0|0|0
1|0|0|0
1|0|0|0|Joystick1Button1
1|0|0|0
1|-0,000613008|0|0
1|-0,01289578|0|0
1|-0,01726633|0|0
1|-0,02020515|0|0
1|-0,03945818|0|0
1|-0,05618683|0|0
1|-0,07890617|0|0
1|-0,09401473|0|0
1|-0,1307123|0|0
1|-0,1474786|0|0
1|-0,1645464|0|0
1|-0,1995862|0|0
1|-0,2722277|0|0
0,9906937|-0,3242976|0|0
0,9717798|-0,3634442|0|0
0,9345924|-0,4194324|0|0
0,8869308|-0,4648711|0|0
0,8520418|-0,5166773|0|0
0,8304904|-0,5578584|0|0
0,8198654|-0,5772998|0|0
0,8080348|-0,5958369|0|0
0,7980127|-0,6081951|0|0
0,7663262|-0,6330997|0|0
0,7351295|-0,6623372|0|0
0,7121841|-0,6839639|0|0
0,6605287|-0,7254087|0|0
0,632836|-0,7532522|0|0
0,5889044|-0,7865588|0|0
0,5205203|-0,8400981|0|0
0,480055|-0,8695993|0|0
0,4390622|-0,8921679|0|0
0,3991621|-0,9136816|0|0
0,3846564|-0,9205388|0|0
0,369887|-0,9280742|0|0
0,3585838|-0,9383978|0|0
0,3388033|-0,9601375|0|0
0,3178925|-0,9721189|0|0
0,2716626|-1|0|0
0,2399008|-1|0|0
0,2149961|-1|0|0|Joystick1Button0
0,1869643|-1|0|0
0,1804838|-1|0|0
0,1709515|-1|0|0
0,1630393|-1|0|0
0,158179|-1|0|0
0,1330483|-1|0|0
0,107164|-1|0|0
0,08421864|-1|0|0
0,03342983|-1|0|0
0,0009521106|-1|0|0
0|-1|0|0
0|-1|0|0
0|-1|0|0
0|-1|0|0
0|-1|0|0
0|-1|0|0
0|-1|0|0
0|-1|0|0
0|-1|0|0
0|-1|0|0
0|-1|0|0
0|-1|0|0
0|-1|0|0
0|-1|0|0
0|-1|0|0|Joystick1Button0
0|-1|0|0
0,1269446|-1|0|0
0,1708385|-1|0|0
0,3059488|-0,9773937|0|0
0,3944525|-0,9533933|0|0
0,5189756|-0,8977442|0|0
0,6007349|-0,8523055|0|0
0,6752228|-0,7905903|0|0
0,7689259|-0,6905574|0|0
0,8322235|-0,6113223|0|0|Joystick1Button0
1|-0,2614897|0|0
1|0|0|0
1|0,07272712|0|0
0,9374182|0,4794899|0|0
0,6208546|0,8325627|0|0
0|1|0|0
0|1|0|0|Joystick1Button0
-0,2525603|1|0|0
-0,3475821|0,9930297|0|0
-0,6476054|0,9386239|0|0
-0,6951917|0,8779259|0|0
-0,7581879|0,7941319|0|0
-0,848048|0,6780862|0|0
-0,8913014|0,6014132|0|0
-1|0,5380402|0|0
-1|0,4464846|0|0
-1|0,3873315|0|0|Joystick1Button0
-1|0,3070791|0|0
-1|0,2599073|0|0
-1|0,2353041|0|0
-1|0,2225692|0|0
-1|0,2198942|0|0
-1|0,2135267|0|0
-1|0,2135267|0|0
-1|0,210927|0|0|Joystick1Button0
-1|0,210927|0|0
-1|0,210927|0|0
-1|0,210927|0|0
-1|0,2084026|0|0
-1|0,2084026|0|0
-1|0,2084026|0|0
-1|0,2084026|0|0
-1|0,2084026|0|0
-1|0,2197434|0|0|Joystick1Button0
-1|0,2460798|0|0
-1|0,3195126|0|0
-0,9526774|0,4491221|0|0
-0,8466162|0,7673812|0|0
-0,5590264|0,8384403|0|0
-0,2711728|1|0|0
-0,1740034|1|0|0
0|1|0|0|Joystick1Button0
0,110668|1|0|0
0,162964|1|0|0
0,5130979|0,9754722|0|0
0,5697644|0,9224227|0|0
0,6553669|0,8559225|0|0
0,6977161|0,8266473|0|0
0,7268028|0,8078841|0|0
0,7530262|0,7913815|0|0|Joystick1Button0
0,762973|0,7851648|0|0
0,7381813|0,8017427|0|0
0,6967741|0,8291717|0|0
0,6457969|0,865191|0|0
0,6201387|0,8786418|0|0
0,3050069|0,4478034|0|0
0|0,004644471|0|0
0|0|0|0|Joystick1Button0
0|0|0|0
0|0|0|0
0|0|0|0
0|0|0|0
0|0|0|0
0|0|0|0
0|0|0|0
0|0|0|0
0|0|0|0|Joystick1Button0
0|0|0|0
0|0|0|0
0|0|0|0
0|0|0|0
0|0|0|0
0,3445302|0|0|0
0,6286161|0,2264123|0|0
1|0,2677065|0|0
1|0,3012392|0|0
1|0,3305143|0|0|Joystick1Button0
1|0,3416668|0|0
1|0,365328|0|0
1|0,3857114|0|0
1|0,3993129|0|0
1|0,4028168|0|0
1|0,4028168|0|0
1|0,4066976|0|0
1|0,4066976|0|0|Joystick1Button0
1|0,4066976|0|0
1|0,4106914|0|0
1|0,4202237|0|0
1|0,4238407|0|0
1|0,4273824|0|0
1|0,4273824|0|0
1|0,4273824|0|0
1|0,4273824|0|0|Joystick1Button0
1|0,4273824|0|0
1|0,4273824|0|0
1|0,4315268|0|0
0,995328|0,4607643|0|0
0,983422|0,4894743|0|0
0,9534687|0,5383793|0|0
0,9121369|0,5930865|0|0
0,8484247|0,670061|0|0
0,536081|0,9872651|0|0|Joystick1Button1
0,4702966|1|0|0
0,2071593|1|0|0
0|1|0|0
0|1|0|0
-0,3792686|1|0|0
-0,7559273|0,9274715|0|0
-0,8277777|0,6033725|0|0
-1|0,2805921|0|0
-1|0|0|0
-1|0|0|0
-1|-0,01673884|0|0
-1|-0,3275001|0|0
-0,9445392|-0,4077148|0|0
-0,8899826|-0,5365708|0|0
-0,6013002|-0,5932372|0|0
-0,1486466|-0,1781478|0|0
0|0|0|0
0|0|0|0
0|0|0|0
0|0|0|0
0|0|0|0
0|0|0|0
0|0|0|0
0|0|0|0
0|0|0|0
0|0|0|0
0|0|0|0
0|0|0|0
0|0|0|0
0|0|0|0
0|0|0|0
0|0|0|0
0|0|0|0
0|0,5137761|0|0|Joystick1Button1
0|0,5401124|0|0
0,02084566|1|0|0
0,08421864|1|0|0
0,108106|1|0|0
0,1287531|1|0|0
0,136816|1|0|0
0,1411866|1|0|0
0,1455194|1|0|0
0,1428443|1|0|0|Joystick1Button0
0,03945818|1|0|0
0|1|0|0
-0,1995862|1|0|0
-0,5111387|0,9654877|0|0
-0,8175294|0,6584941|0|0
-1|0,5554471|0|0
-1|0,271851|0|0
-1|0,1925405|0|0
-1|0|0|0|Joystick1Button0
-1|0|0|0
-1|-0,3738054|0|0
-0,9285641|-0,7176096|0|0
-0,628051|-0,7694157|0|0
-0,5385301|-0,8689588|0|0
-0,4614425|-1|0|0
-0,3904587|-1|0|0
-0,338728|-1|0|0
-0,2867711|-1|0|0|Joystick1Button0
-0,252711|-1|0|0
-0,2301047|-1|0|0
-0,2107009|-1|0|0
-0,2065564|-1|0|0
-0,2005281|-1|0|0
-0,1956677|-1|0|0
-0,1956677|-1|0|0
-0,1919|-1|0|0
-0,1919|-1|0|0|Joystick1Button0
-0,1919|-1|0|0
-0,1919|-1|0|0
-0,1919|-1|0|0
-0,1919|-1|0|0
-0,2179726|-1|0|0
-0,2339478|-1|0|0
-0,2500736|-1|0|0
-0,2694773|-1|0|0
-0,2857539|-1|0|0
-0,2998074|-1|0|0|Joystick1Button0
-0,3485994|-1|0|0
-0,3767442|-1|0|0
-0,4372538|-0,973739|0|0
-0,4885701|-0,9534687|0|0
-0,5353274|-0,9331983|0|0
-0,5802386|-0,9123629|0|0
-0,6083081|-0,8994019|0|0
-0,6412756|-0,8732916|0|0
-0,6871287|-0,8450715|0|0|Joystick1Button0
-0,7078136|-0,8304527|0|0
-0,7153866|-0,8248388|0|0
-0,7312865|-0,8162861|0|0
-0,7376915|-0,8102201|0|0
-0,7422881|-0,8060756|0|0
-0,7447371|-0,8060756|0|0
-0,7447371|-0,8060756|0|0
-0,7355816|-0,8112374|0|0
-0,7187399|-0,8178685|0|0|Joystick1Button0
-0,6916124|-0,8364057|0|0
-0,6687424|-0,8565253|0|0
-0,6601519|-0,8663591|0|0
-0,6506572|-0,8725758|0|0
-0,6506572|-0,8725758|0|0
-0,6469272|-0,8755523|0|0
-0,6469272|-0,8755523|0|0
-0,6469272|-0,8755523|0|0
-0,6469272|-0,8782274|0|0|Joystick1Button0
-0,6469272|-0,8782274|0|0
-0,6469272|-0,8782274|0|0
-0,6469272|-0,8782274|0|0
-0,6469272|-0,8782274|0|0
-0,6431595|-0,8782274|0|0
-0,639015|-0,8836529|0|0
-0,6058968|-0,9031697|0|0
-0,5724772|-0,9206895|0|0
-0,540866|-0,93885|0|0
-0,5106489|-0,9528658|0|0
-0,4807709|-0,9660529|0|0
-0,4716907|-0,96918|0|0
-0,4257622|-0,9721189|0|0
-0,3470923|-0,9146989|0|0
-0,03591653|-0,5703672|0|0
0|0|0|0
0|0|0|0
0|0|0|0
0|0|0|0|Joystick1Button0
0|0|0|0
0|0|0|0
0|0|0|0
0|0|0|0
0|0|0|0
0|0|0|0
0|0|0|0
0|0|0|0|Joystick1Button0
0|0|0|0
0|0|0|0
0|0|0|0
0|0|0|0
0|0|0|0
0|0|0|0
0|0|0|0
0|0|0|0
0|0|0|0
0|0|0|0|Joystick1Button0
0|0|0|0
0|0|0|0
0|0|0|0
0|0,1109318|0|0
0,0008767585|0,3695102|0|0
0,05339874|0,3919658|0|0
0,1112332|0,4190933|0|0
0,1248346|0,4247826|0|0
0,1519246|0,4346541|0|0
0,1625495|0,4268925|0|0|Joystick1Button0
0,1663172|0,1132678|0|0
0,1343293|0,07238802|0|0
0,06213983|0|0|0
0|0|0|0
0|0|0|0
0|0|0|0
0|0|0|0
0|0|0|0
0|0|0|0|Joystick1Button0
0|0|0|0
0|0|0|0
0|0|0|0
0|0|0|0
0|0|0|0
0|0|0|0
0|0|0|0
0|0|0|0|Joystick1Button0
0|0|0|0
0|0|0|0
0|0|0|0
0|0|0|0
0|0|0|0
0,04808625|0|0|0
0,07483705|0|0|0
0,09612463|0|0|0
0,1156037|0|0|0|Joystick1Button0
0,1203887|0|0|0
0,1264171|0|0|0
0,1380593|0|0|0
0,1448789|0|0|0
0,2246038|0|0|0
0,3154811|-0,0110119|0|0
0,5739842|-0,06722626|0|0
0,6023928|-0,126078|0|0
0,6384498|-0,1709138|0|0|Joystick1Button0
0,6703247|-0,2071593|0|0
0,7005042|-0,2406543|0|0
0,7066832|-0,2540673|0|0
0,6647485|-0,2423498|0|0
0,3454722|-0,2058029|0|0
0,2836439|-0,1429197|0|0
0|-0,03629329|0|0
0|0|0|0
0|0|0|0|Joystick1Button0
0|0|0|0
0|0|0|0
0|0|0|0
0|0|0|0
0|0|0|0
0|0|0|0
0|0|0|0
0|0|0|0
0|0|0|0
0|0|0|0|Joystick1Button0
0|0|0|0
0|0|0|0
0|0|0|0
0|0|0|0
0|0|0|0
0|0|0|0
0|0|0|0
0|0|0|0|Joystick1Button0
0|0|0|0
0|0|0|0
0|0|0|0
0|0|0|0
0|0|0|0
0|0|0|0
0|0|0|0
0|0|0|0
0|0|0|0|Joystick1Button0
0|0|0|0
0|-0,03373124|0|0
0|-0,1517361|0|0
0|-0,4365755|0|0
0|-0,5341218|0|0
0|-0,6306507|0|0
0|-0,9010221|0|0
0|-1|0|0|Joystick1Button0
0|-1|0|0
0|-1|0|0
0|-1|0|0
0|-1|0|0
0|-1|0|0
0|-1|0|0
0|-1|0|0
0|-0,9803702|0|0
0|-0,9402063|0|0
0|-0,573419|0|0
0|-0,1920507|0|0
0|-0,1432211|0|0
0,0001608773|-0,02909695|0|0|Joystick1Button0
0,01176546|0|0|0
0,03546439|0|0|0
0,04586329|0|0|0
0,06183842|0|0|0
0,1101406|0|0|0
0,1676359|0|0|0
0,4840488|0|0|0
0,8197901|0,007922377|0|0
1|0,0432259|0|0|Joystick1Button0
1|0,06752767|0|0
1|0,09017164|0|0
1|0,1471019|0|0
1|0,1841008|0|0
1|0,2148454|0|0
1|0,2455146|0|0
1|0,2607739|0|0
1|0,2744507|0|0
1|0,2796502|0|0|Joystick1Button0
1|0,2831918|0|0
1|0,2831918|0|0
1|0,2871102|0|0
1|0,2871102|0|0
1|0,2871102|0|0
1|0,2905765|0|0
1|0,2905765|0|0
1|0,2905765|0|0
1|0,2905765|0|0|Joystick1Button0
1|0,2905765|0|0
1|0,2905765|0|0
1|0,2905765|0|0
1|0,2905765|0|0
1|0,2905765|0|0
1|0,2905765|0|0
1|0,2905765|0|0
1|0,2295395|0|0
1|0,1675982|0|0
1|0,1170355|0|0
1|0,07649484|0|0
1|0,03813947|0|0
1|0,02303092|0|0|Joystick1Button0
1|0,008562888|0|0
1|0,002835967|0|0
1|0|0|0
1|0|0|0
1|0|0|0
1|0|0|0
1|0|0|0
1|0|0|0
1|0|0|0
1|0|0|0|Joystick1Button0
1|0|0|0
1|0|0|0
1|0|0|0
1|0|0|0
1|0|0|0
1|0|0|0
1|0|0|0|Joystick1Button0
1|0|0|0
1|0|0|0
1|1,017326E-05|0|0
1|0,00660368|0|0
1|0,01059747|0|0
1|0,01413912|0|0
1|0,01413912|0|0
1|0,01413912|0|0
1|0,01413912|0|0
1|0,01413912|0|0|Joystick1Button0
1|0,01413912|0|0
1|0,01413912|0|0
1|0,01413912|0|0
1|0|0|0
1|0|0|0
1|0|0|0
1|0|0|0|Joystick1Button1
1|0|0|0
1|0|0|0
1|0|0|0
1|0|0|0
1|-0,003062023|0|0
1|-0,07626878|0|0
1|-0,1292429|0|0
1|-0,1614568|0|0
1|-0,2085533|0|0
1|-0,2311973|0|0
1|-0,2502243|0|0
1|-0,278143|0|0
1|-0,3075313|0,03377474|0
0,998832|-0,3598272|0,09090909|0
0,9877926|-0,3846564|0,09090909|0
0,9731739|-0,4101262|0,09090909|0
0,953205|-0,441662|0,09090909|0
0,9327086|-0,465813|0,09090909|0
0,914096|-0,493016|0,09090909|0
0,8842934|-0,5363448|0,09090909|0
0,8663591|-0,5645649|0,09090909|-9,03223E-05
0,8598409|-0,5754913|0,09090909|-0,00103054
0,8558471|-0,5852874|0,09090909|-0,001274071
0,8527953|-0,588829|0,09090909|0
0,8527953|-0,5914288|0,09090909|0
0,8570528|-0,5838933|0,09090909|0
0,8761551|-0,5511895|0,09090909|0
0,8967268|-0,5204449|0,09090909|0
0,9147366|-0,4898511|0,09090909|0
0,9486083|-0,454962|0,09090909|0
1|-0,4090336|0,09090909|0
1|-0,3699623|0,09090909|0
1|-0,3296477|0,09090909|0
1|-0,2795748|0,09090909|0
1|-0,2171437|0,09090909|0
1|-0,1761886|0,09090909|0
1|-0,1388129|0,09090909|0
1|-0,0919048|0,09090909|0
1|-0,07977276|0,09090909|0,0001612242
1|-0,05102507|0,09090909|0,001548429
1|-0,02005442|0,09090909|0,002836988
1|-0,0001608773|0,09090909|0,003339466
1|0|0,09090909|0,003823445
1|0|0,09090909|0,005189071
1|0|0,09090909|0,007528823
1|0,08263621|0,09090909|0,01200795
1|0,1939346|0,09090909|0,01937864
0,9685773|0,4700329|0,09090909|0,0233183
0,9383601|0,5257198|0,09090909|0,02593241
0,8972543|0,5945936|0,09090909|0,0276248
0,855395|0,6822307|0,09090909|0,0291014
0,8328641|0,7212266|0,09090909|0,02939117
0,7909294|0,765648|0,07507955|0,02874998
0,7410448|0,8053597|0|-0,00676432
0,7020866|0,8379882|0|-0,000814752
0,6674989|0,8607828|0|0
0,6402584|0,8850846|0|0|Joystick1Button1
0,6207039|0,9154148|0|0
0,6066127|0,940357|0|0
0,5870582|0,9622098|0|0
0,5788445|0,9701597|0|0
0,5728163|0,9753968|0|0
0,5728163|0,9753968|0|0
0,566072|0,9797297|0|0
0,566072|0,9797297|0|0
0,5633216|0,9797297|0|0
0,5633216|0,983196|0|0
0,5633216|0,983196|0|0
0,5633216|0,983196|0|0|Joystick1Button1
0,5633216|0,983196|0|0
0,5633216|0,983196|0|0
0,5633216|0,983196|0|0
0,5633216|0,983196|0|0
0,5633216|0,983196|0|0
0,5633216|0,983196|0|0
0,5249662|0,983196|0|0
0,424971|1|0|0
0,3371455|1|0|0
0,2113038|1|0|0
0|1|0|0
0|1|0|0
0|1|0|0
0|1|0|0
0|1|0|0
0|1|0|0
-0,02280487|1|0|0
-0,04853838|1|0|0
-0,1185802|1|0|-0,0002567873
-0,1977777|1|0|-0,0006914449
-0,3202661|0,9938962|0|-0,001002795
-0,3891024|0,9909951|0|-0,001200086
-0,465813|0,9788631|0|-0,001388131
-0,5162251|0,9519239|0|-0,001388131
-0,5558992|0,926115|0|-0,001388131
-0,573419|0,9137569|0|-0,001388131
-0,6250745|0,8749495|0|-0,001388131
-0,6536337|0,8536242|0|-0,001045953
-0,6861115|0,8348233|0|-0,000759264
-0,7076252|0,820619|0|-0,000759264
-0,7278954|0,8084116|0|-0,0004047556
-0,7328312|0,8055104|0|-0,0004047556
-0,7408188|0,8017427|0|-0,0001242328
-0,7436445|0,8017427|0|-0,0001242328
-0,7345643|0,8056611|0|-0,0001242328
-0,684416|0,8478219|0|-0,0006051301
-0,367664|1|0,02669383|-0,00132956
-0,3493529|1|0,05559702|-0,001566926
-0,02755219|1|0,08151925|-0,001976922
0|1|0,09090909|-0,002223536
0|1|0,09090909|-0,002411579
0|1|0,09090909|-0,002411579
0|1|0,09090909|-0,002411579
0,01990372|1|0,09090909|-0,002411579
0,07106932|1|0,09090909|-0,002599623
0,1103666|1|0,09090909|-0,000953472
0,1529418|1|0,09090909|0,004097804
0,1940099|1|-0,01720227|-0,01065158
0,2327421|1|0|0
0,2477753|1|0|0
0,2533515|1|0|0
0,2635997|1|0|0|Joystick1Button1
0,2675181|1|0|0
0,2675181|1|0|0
0,2715873|1|0|0
0,2715873|1|0|0
0,2715873|1|0|0
0,2715873|1|0|0
0,2715873|1|0|0
0,2715873|1|0|0
0,2715873|1|0|0
0,2715873|1|0|0|Joystick1Button1
0,2987525|1|0|0
0,3818306|0,9907314|0|0
0,4329586|0,9877549|0|0
0,4989313|0,9751708|0|0
0,5260965|0,9582537|0|0
0,5431266|0,942693|0|0
0,5705179|0,9148119|0|0
0,5838179|0,8968776|0|0|Joystick1Button1
0,5939908|0,8849339|0|0
0,5979846|0,8775492|0|0
0,6079313|0,8705412|0|0
0,6079313|0,8705412|0|0
0,6115484|0,8675647|0|0
0,6115484|0,8675647|0|0
0,6153914|0,8648143|0|0
0,6153914|0,8648143|0|0
0,6195359|0,8648143|0|0
0,6195359|0,8648143|0|0
0,6195359|0,8648143|0|0
0,6231152|0,8648143|0|0
0,6231152|0,8624406|0|0
0,6231152|0,8624406|0,05188547|-0,002667441
0,6231152|0,8624406|0,09090909|-0,0004109211
0,6231152|0,8599163|0,09090909|0
0,6231152|0,8599163|0,09090909|0
0,6231152|0,8599163|0,09090909|0
0,6111339|0,8784158|0,09090909|0
0,5954225|0,9027553|0,05597311|0
0,5620782|0,9434842|0|0
0,5348376|0,9600621|0|0
0,5108373|0,9706118|0|0
0,486008|0,9745679|0|0
0,4583153|0,9811614|0|0|Joystick1Button1
0,4343526|1|0|0
0,4079786|1|0|0
0,3652527|1|0|0
0,3172897|1|0|0
0,2678195|1|0|0
0,2489433|1|0|0
0,2113038|1|0|0
0,1969864|1|0|0|Joystick1Button1
0,1876048|1|0|0
0,1815765|1|0|0
0,1676359|1|0|0
0,1531679|1|0|0
0,1213307|1|0|0
0,1033963|1|0|0
0,07860477|1|0|0
0,05238144|1|0|0
0,005737113|1|0|0
0|1|0|0
0|1|0|0
0|1|0|0
0|1|0|0|Joystick1Button1
0|1|0|0
0|1|0|0
0|1|0|0
0|1|0|0
0|1|0|0
0|1|0|0
0|1|0|0
0|1|0|0
0|1|0|0
0|1|0|0
0|1|0|0
0|1|0|0
0|1|0|0
0|1|0|0|Joystick1Button1
0|1|0|0
0|1|0|0
0|1|0|0
0|1|0|0
0|1|0|0
0|1|0|0
0|1|0|0
0|1|0|0
0|1|0|0
0|1|0|0
0|1|0|0
0|1|0|0
0|1|0|0
0|1|0|0
0|1|0|0
0|1|0|0
0|1|0|0
0|1|0|0
0|1|0|0
0|1|0|0
0|1|0|0
0|1|0|0
0|1|0|0
0|1|0|0
0|1|0|0
0|1|0|0
0,009956956|1|0|0
0,03109385|1|0|0
0,04672988|1|0|0
0,06553078|1|0|0
0,06959992|1|0|0
0,07332996|1|0|0
0,09235692|1|0|0
0,1401693|1|0|0
0,2327421|1|0|0
0,3092267|0,9918618|0|0
0,3800598|0,9890736|0|0
0,4405317|0,9863608|0|0
0,5033772|0,964395|0|0
0,5282818|0,9531673|0|0
0,5436164|0,9455565|0,01214051|0
0,5536386|0,9404324|0,0378038|-3,483429E-05
0,5580091|0,9363256|0,06571437|-0,000232126
0,5634723|0,9363256|0,08922287|-0,000481823
0,5634723|0,9441248|0,09090909|-0,0007376855
0,5368722|0,9596854|0,09090909|-0,0009842998
0,4910191|0,9724203|0,09090909|-0,0009842998
0,1699342|1|0,09090909|-0,001218583
0,1594976|1|0,09015691|-0,001218583
0,09902579|1|0,06552632|-0,001406626
0|1|0|-0,002069402
0|1|0|-0,002069402
0|1|0|-0,0007407683
0|1|0|0
-0,1075408|1|-0,02637015|0
-0,1488727|1|-0,05213825|0
-0,2345506|0,9953657|-0,07789402|-0,002195792
-0,3063256|0,9953657|-0,09091218|-0,006354325
-0,3858244|0,9925399|-0,09091218|-0,008601596
-0,4266665|0,9900156|-0,09091218|-0,008601596
-0,4540578|0,9900156|-0,09091218|-0,008219343
-0,4783973|0,9876042|-0,09091218|-0,006770486
-0,4783973|0,9876042|-0,09091218|-0,006770486
-0,4916596|0,9876042|-0,08182753|0
-0,4950129|0,9876042|-0,04061829|0,003512095
-0,4751193|0,9876042|-0,001024374|0
-0,4065092|1|0|0
-0,1072394|1|0|0
0|1|0|0
0|1|0|0
0|1|0|0
0|1|0|0
0|1|0|0
0,07340531|1|0|0
0,1555792|1|0|0
0,2243024|1|0|0
0,3254279|0,9953657|0|0
0,3829233|0,9923139|0|0
0,4091466|0,9923139|0|-0,0002999451
0,4507799|0,9889982|0,02448047|-0,001492941
0,5045452|0,9733623|0,08697251|-0,0005773861
0,5300903|0,9534687|0,09090909|0
0,5460278|0,940357|0,09090909|0
0,5551834|0,9307494|0,09090909|0
0,5614377|0,9237414|0,09090909|0
0,5654315|0,921104|0,09090909|0
0,5654315|0,9169219|0,09090909|0
0,5688978|0,9145482|0,09090909|0
0,5688978|0,9145482|0,09090909|0
0,5724018|0,9117224|0,09090909|0
0,5724018|0,9117224|0,09090909|0
0,5724018|0,9117224|0,09090909|0,000814752
0,5724018|0,9117224|0,09090909|0,001619331
0,5724018|0,9117224|0,09090909|0,001902938
0,5724018|0,9117224|0,09090909|0,002306768
0,5724018|0,9117224|0,09006444|0,002642779
0,5724018|0,9117224|-0,01832744|-0,009501737
0,5724018|0,9117224|0|-0,003049694
0,5724018|0,9117224|0|0
0,5724018|0,9298074|0|0
0,5480623|0,9573117|0|0
0,524062|0,9687279|0|0
0,5108373|0,9728348|0|0
0,4621584|1|0|0|Joystick1Button1
0,4296429|1|0|0
0,4036834|1|0|0
0,3768573|1|0|0
0,3275378|1|0|0
0,3085862|1|0|0
0,2739986|1|0|0
0,2400514|1|0|0
0,2266761|1|0|0
0,2178973|1|0|0
0,2123211|1|0|0
0,2087417|1|0|0
0,2059913|1|0|0
0,2059913|1|0|0
0,2059913|1|0|0
0,1767915|1|0|0
0,11907|1|0|0
0|1|0|0
0|1|0|0
-0,04446924|1|0|0
-0,3170259|0,9964961|0|0
-0,385523|0,9924646|0|0
-0,4687896|0,9526774|0|0
-0,550323|0,9041116|0|0
-0,6523151|0,8439788|0|0
-0,6774457|0,8300383|0|0
-0,7145954|0,8094665|0|0
-0,7546086|0,7832056|-0,02547001|-0,004033068
-0,7740123|0,767871|-0,0594257|-0,01117255
-0,7882543|0,7471108|-0,09091218|-0,01628363
-0,798088|0,7326428|-0,09091218|-0,0157195
-0,8045309|0,7223569|-0,09091218|-0,01070398
-0,8069422|0,7159895|-0,09091218|-0,00350593
-0,8103331|0,7134651|-0,090