#|seed
£|3
#|MoveX|MoveY|CamX|CamY|ButtonKeyCodes
0|0|0|0
0|0|0|0
0|0|0|0
0|0|0|0
0|0|0|0
0|0|0|0
0|0|0|0
0|0|0|0
0|0|0|0
0|0|0|0
0|0|0|0
0|0|0|0
0|0|0|0
0|0|0|0
0|0|0|0
0|0|0|0
0|0|0|0
0|0|0|0
0|0|0|0
0|0|0|0
0|0|0|0
0|0|0|0
0|0|0|0
0|0|0|0
0|0|0|0
0|0|0|0
0|0|0|0
0|0|0|0
0|0|0|0
0|0|0|0
0|0|0|0
0|0|0|0
0|0|0|0
0|0|0|0
0|0|0|0
0|0|0|0
0|0|0|0
0|0|0|0
0|0|0|0
0|0|0|0
0|0|0|0
0|0|0|0
0|0|0|0
0|0|0|0
0|0|0|0
0|0|0|0
0|0|0|0
0|0|0|0
0|0|0|0
0|0|0|0
0|0|0|0
0|0|0|0
0|0|0|0
0|0|0|0
0|0|0|0
0|0|0|0
0|0|0|0
0|0|0|0
0|0|0|0
0|0|0|0
0|0|0|0
0|0|0|0
0|0|0|0
0|0|0|0
0|0|0|0
0|0|-0,0066256|0
0|0|-0,03321986|0
0|0|-0,03736297|-0,00159467
0|0|-0,04324164|-0,006736576
0|0|-0,04867332|-0,01034948
0|0|-0,05310005|-0,01268923
0|0|-0,05676844|-0,01417508
0|0|-0,05965383|-0,01514304
0|0|-0,06396341|-0,01583048
0|0|-0,06699676|-0,01640385
0|0|-0,09091218|-0,01879293
0|0|-0,09091218|-0,02088607
0|0|-0,09091218|-0,02220546
0|0|-0,09091218|-0,02305319
0|0|-0,09091218|-0,02359574
0|0|-0,09091218|-0,02378687
0|0|-0,09091218|-0,02406431
0|0|-0,09091218|-0,02429859
0|0|-0,09091218|-0,02453596
0|0|-0,09091218|-0,02480723
0|0|-0,09091218|-0,02559023
0|0|-0,09091218|-0,02656436
0|0|-0,09091218|-0,02742134
0|0|-0,09091218|-0,02809645
0|0|-0,09091218|-0,02857118
0|0|-0,09091218|-0,02857118
0|0|-0,09091218|-0,02888253
0|0|-0,0829527|-0,02579061
0|0|-0,05316787|0
0|0|-0,02141937|0
0|0|-0,01576266|0
0|0|-0,009165727|0
-0,004154664|0|-0,004449229|0
-0,05434065|0|-0,001153847|0
-0,09970396|0|0|0
-0,1509826|0|0|0
-0,2020728|0|0|0
-0,2270528|0|0|0
-0,2917822|0|0|0
-0,3539872|0|0|0
-0,4108798|0|0|0
-0,4514958|0|0|0
-0,4780959|0|0|0
-0,4955404|0|0|0
-0,5068434|0|0|0
-0,5106489|0|0|0
-0,5166019|0|0|0
-0,5208217|0|0|0
-0,5257574|0|0|0
-0,5334436|0|0|0
-0,5433904|0|0|0
-0,5511142|0|0|0
-0,5566904|0|0|0
-0,5566904|0|0|0
-0,5622289|0|0|0
-0,5622289|0|0|0
-0,5622289|0|0|0
-0,5622289|0|0|-0,0005218981
-0,5622289|0|0|-0,002269776
-0,5559745|0,05697807|0|-0,005398693
-0,5464422|0,1086335|0|-0,009779179
-0,5350637|0,1471772|0|-0,01534341
-0,5276413|0,1691053|0|-0,01810857
-0,4950129|0,2234358|0|-0,02617902
-0,4751193|0,2449495|0|-0,03085236
-0,4606512|0,25889|0|-0,03434504
-0,4504784|0,2676688|0|-0,037289
-0,4467108|0,2676688|0|-0,03842342
-0,441775|0,2732827|0|-0,04013739
-0,441775|0,2770504|0|-0,04124715
-0,4370277|0,2770504|0|-0,04194692
-0,4370277|0,2807428|0|-0,04194692
-0,4370277|0,2807428|0|-0,03944995
-0,4370277|0,2807428|0|-0,03406451
-0,4333353|0,2807428|0|-0,02729496
-0,4333353|0,2807428|0|-0,02060863
-0,4333353|0,2807428|0|-0,01477312
-0,4333353|0,2807428|0|-0,01045429
-0,4333353|0,2807428|0|-0,007599726
-0,4333353|0,2807428|0|-0,005608317
-0,4333353|0,2807428|0|-0,004797572
-0,4333353|0,2807428|0|-0,00350593
-0,4333353|0,2842091|0|-0,002578044
-0,4333353|0,2842091|0|-0,001788878
-0,4333353|0,2842091|0|-0,00112302
-0,4333353|0,2842091|0|-0,0006698665
-0,4333353|0,2842091|0|-0,000287614
-0,4333353|0,2842091|0|-7,090281E-06
-0,4333353|0,2842091|0|0
-0,4333353|0,2842091|0|0
-0,4333353|0,2842091|0|0
-0,4333353|0,2842091|0|0
-0,4333353|0,2877507|0|0
-0,4333353|0,2877507|0|0
-0,4333353|0,2915184|0|0
-0,4215047|0,3094528|0|0
-0,396261|0,3406495|0|0
-0,3677771|0,3709042|0|0
-0,343739|0,3939627|0|0
-0,318533|0,4200352|0|0
-0,2828527|0,4605382|0|0
-0,1854195|0,5250793|0|0
-0,1506812|0,5571802|0|0
-0,1342916|0,5736828|0|0
-0,1180151|0,5933126|0|0
-0,1140213|0,6013379|0|0
-0,1041122|0,6063866|0|0
-0,1041122|0,610305|0|0
-0,09947791|0,610305|0|0
-0,09947791|0,6138467|0|0
-0,09947791|0,6138467|0|0
-0,09947791|0,6138467|0|0
-0,09947791|0,6138467|0|0
-0,09589858|0,6138467|0|0
-0,09589858|0,6138467|0|0
-0,1051295|0,6138467|0,000232126|-0,0002999451
-0,1095754|0,6138467|0,001656323|-0,0007962564
-0,1201627|0,6138467|0,005629895|-0,001980004
-0,1377579|0,6138467|0,01078722|-0,003644651
-0,1648101|0,6138467|0,01595687|-0,005364785
-0,1942737|0,6138467|0,02172764|-0,006813643
-0,218048|0,6138467|0,02581527|-0,007732282
-0,2340984|0,6138467|0,0284263|-0,008358065
-0,2452132|0,6138467|0,03010944|-0,008589266
-0,2519198|0,6138467|0,03111748|-0,008906782
-0,2543688|0,6138467|0,03089552|-0,009094824
-0,2583626|0,6138467|0,02784675|-0,009094824
-0,2583626|0,6179535|0,02295763|-0,009282868
-0,2531254|0,6229646|0,01693407|-0,009282868
-0,2362083|0,6275989|0,01096293|-0,008046714
-0,2156366|0,639241|0,005975155|-0,006135453
-0,2074984|0,6481329|0,004079308|-0,005361702
-0,1900915|0,6737534|0|-0,003453525
-0,1860977|0,6889372|0|-0,002590374
-0,1801071|0,6981305|0|-0,002272859
-0,1765654|0,7123725|0|-0,001804292
-0,1765654|0,7231858|0|-0,001338807
-0,1723456|0,7309096|0|-0,00087024
-0,1723456|0,7387089|0|-0,0004756575
-0,1723456|0,7503887|0|-0,0001951346
-0,1723456|0,7738239|0|0
-0,1723456|0,8370462|0|0
-0,1723456|1|0|0
-0,1723456|1|0|0
-0,160741|1|0|0
-0,1479307|1|0|0
-0,1341409|1|0|0
-0,1079176|1|0|0
-0,07506311|1|0|0
-0,03591653|1|0|0
0|1|0|0
0|1|0|0
0|1|0|0
0|1|0|0
0|1|0|0
0|1|0,0004849058|-0,000343103
0|1|0,006215604|-0,001893689
0|1|0,01309922|-0,003962166
0|1|0,02049457|-0,006277257
0|1|0,02391634|-0,007599726
0|1|0,02952681|-0,009967223
0|1|0,03318903|-0,01169969
0|1|0,03553187|-0,01280945
0|1|0,03701156|-0,01348456
0|1|0,03653374|-0,01393155
0|1|0,0311483|-0,01393155
0|1|0,001650158|-0,01150548
0|1|0,0006729492|-0,00948016
0|1|0|-0,006366655
0|1|0|-0,004298178
0|1|0|-0,002954131
0|1|0|-0,002097147
0|1|0|-0,001791961
0|1|0|-0,001338807
0|1|0|-0,00103054
0|1|0|-0,00103054
0|1|0|-0,0007654296
0|1|0|-0,0007654296
0|1|0|-0,0007654296
0|1|0|-0,0003770116
0|1|0|-9,648878E-05
0|1|0|0
0|1|0|0
0|1|0|0
0|1|0|0
-0,007281866|1|0|0
-0,009881604|1|0|0
-0,01380002|1|0|0
-0,01658814|1|0|0
-0,01658814|1|0|0
-0,0189618|1|0|0
-0,0189618|1|0|0
-0,0189618|1|0|0
-0,01462891|1|0|0
0|1|0|0
0|1|0|0
0|1|0|0
0|1|0|0
0|1|0|0
0|1|0|0
0|1|0|0
0|1|0|0
0|1|0|0
0|1|0|0
0|1|0|0
0|1|0|0
0|1|0|0
0|1|0|0
0|1|0|0
0|1|0|0
0|1|0|0
0|1|0|0
0|1|0|0
0|1|0|0
0|1|0|0
0|1|0|0
0|1|0|0
0|1|0,004144044|-0,0002105476
0|1|0,008820468|-0,001156929
0|1|0,01079338|-0,001517602
0|1|0,01375583|-0,002272859
0|1|0,01575033|-0,003129843
0|1|0,01704505|-0,003804949
0|1|0,01790512|-0,004221111
0|1|0,0182103|-0,004221111
0|1|0,01863263|-0,004501634
0|1|0,01863263|-0,004763661
0|1|0,01704505|-0,004763661
0|1|0,01537115|-0,004763661
0|1|0,01146232|-0,004763661
0|1|0,007134242|-0,004193367
0|1|0,003533673|-0,003468938
0|1|0,001042871|-0,002753757
0|1|0|-0,002189626
0|1|0|-0,002189626
0|1|0|-0,001804292
0|1|0|-0,001449783
0|1|0|-0,001449783
0|1|0|-0,001184673
0|1|0|-0,001184673
0|1|0|-0,001184673
0|1|0|-0,001184673
0|1|0|-0,00087024
0|1|0|-0,00087024
0|1|0|-0,000537311
0|1|0|-0,000537311
0|1|0|-0,000232126
0|1|0|-0,000232126
0|1|0|-0,000232126
0|1|0|-0,000232126
0|1|0|-0,000232126
0|1|0|-0,000232126
0|1|0|-0,000232126
0|1|0|-0,000232126
0|1|0|0
0|1|0|0
0|1|0|0
0|1|0|0
0|1|0|-0,0003646805
0|1|0,001610083|-0,001212417
0|1|0,003709386|-0,001631662
0|1|0,007621304|-0,002932551
0|1|0,01154864|-0,004066977
0|1|0,0142953|-0,00496712
0|1|0,01626205|-0,005565159
0|1|0,01753828|-0,005768616
0|1|0,01835519|-0,006067636
0|1|0,01864804|-0,006274175
0|1|0,01864804|-0,006274175
0|1|0,01565784|-0,005565159
0|1|0,01030323|-0,003928256
0|1|0,005401776|-0,002069402
0|1|0,00185978|-0,0004664101
0|1|0|0
0|1|0|0
0|1|0|0
0|1|0|0
0|1|0|0
0|1|0|0
0|1|0|0
0|1|0|0
0|1|0|0
0|1|0|0
0|1|0|0
0|1|0|0
0|1|0|0
0|1|0|0
0|1|0|0
0|1|0|0
0|1|0|0
0|1|0|0
0|1|0|0
0|1|0|0
0|1|0|0
0|1|0|0
0|1|0|0
0|1|0|0
0|1|0|0
0|1|0|0
0|1|0|0
0,0006506841|1|0|0
0,01447821|1|0|0
0,02434964|1|0|0
0,03335446|1|0|0
0,04345195|1|0|0
0,05208004|1|0|0
0,0585605|1|0|0
0,06240358|1|0|0
0,0664727|1|0|0
0,0664727|1|0|0
0,07295318|1|0|0
0,08531128|1|0|0
0,09853597|1|0|0
0,109274|1|0|0
0,1132678|1|0|0
0,1192207|1|0|0
0,1234406|1|0|0
0,1283763|1|0|0
0,1333874|1|0|0
0,1371927|1|0|0
0,1471395|1|0|0
0,1471395|1|0|0
0,151284|1|0|0
0,151284|1|0|0
0,154901|1|0|0
0,154901|1|0|0
0,154901|1|0|0
0,154901|1|0|0
0,154901|1|0|0
0,154901|1|0|0
0,154901|1|0|0
0,154901|1|0|0
0,154901|1|0|0
0,1341409|1|0|0
0,09017164|0,9536948|0|0
0,0463531|0,6526918|0|0
0,01651279|0,5886029|0|0
0|0,2711351|0|0
0|0,1891496|0|0
0|0|0|0
0|0|0|0
0|0|0|0
0|0|0|0
0|0|0|0
0|0|0|0
0|0|0|0
0|0|0|0
0|0|0|0
0|0|0|0
0|0|0|0
0|0|0|0
0|0|0|0
0|0|0|0
0|0|0|0
0|0|0|0
0|0|0|0
0|0|0|0
0|0|0|0
0|0|0|0
0|0|0|0
0|0|0|0
0|0|0|0
0|0|0|0
0|0|0|0
0|0|0|0
0|0|0|0
0|0|0|0
0|0|0|0
0|0|0|0
0|0|0|0
0|0|0|0
0|0|0|0
0|0|0|0
0|0|0|0
0|0|0|0
0|0|0|0
0|0|0|0
0|0|0|0
0|0|0|0
0|0|0|0
0|0|0|0
0|0|0|0
0|0|0|0
0|0|0|0
0|0|0|0
0|0|0|0
0|0|0|0
0|0|0|0
0|0|0|0
0|0|0|0
0|0|0|0
0|0|0|0
0|0|0|0
0|0|0|0
0|0|0|0
0|0|0|0
0|0|0|0
0|0|0|0
0|0|0|0
0|0|0|0
0|0|0|0
0|0|0|0
0|0|0|0
0|0|0|0
0|0|0|0
0|0|0|0
0|0|0|0
0|0|0|0
0|0|0|0
0|0|0|0
0|0|0|0
0|0|0|0
0|0|0|0
0|0|0|0
0|0|0|0
0|0|0|0
0|0|0|0
0|0|0|0
0|0|0|0
0|0|0|0
0|0|0|0
0|0|0|0
0|0|0|0
0|0|0|0
0|0|0|0
0|0|0|0
0|0|0|0
0|0|0|0
0|0|0|0
0|0|0|0
0|0|0|0
0|0|0|0
0|0|0|0
0|0|0|0
0|0|0|0
0|0|0|0
0|0|0|0
0|0|0|0
0|0|0|0
0|0|0|0
0|0|0|0
0|0|0|0
0|0|0|0
0|0|0|0
0|0|0|0
0|0|0|0
0|0|0|0
0|0|0|0
0|0|0|0
0|0|0|0
0|0|0|0
0|0|0|0
0|0|0|0
0|0|0|0
0|0|0|0
0|0|0|0
0|0|0|0
0|0|0|0
0|0|0|0
0|0|0|0
0|0|0|0
0|0|0|0
0|0|0|0
0|0|0|0
0|0|0|0
0|0|0|0
0|0|0|0
0|0|0|0
0|0|0|0
0|0|0|0
0|0|0|0
0|0|0|0
0|0|0|0
0|0|0|0
0|0|0|0
0|0|0|0
0|0|0|0
0|0|0|0
0|0|0|0
0|0|0|0
0|0|0|0
0|0|0|0
0|0|0|0
0|0|0|0
0|0|0|0
0|0|0|0
0|0|0|0
0|0|0|0
0|0|0|0
0|0|0|0
0|0|0|0
0|0|0|0
0|0|0|0
0|0|0|0
0|0|0|0
0|0|0|0
0|0|0|0
0|0|0|0
0|0|0|0
0|0|0|0
0|0|0|0
0|0|0|0
0|0|0|0
0|0|0|0
0|0|0|0
0|0|0|0
0|0|0|0
0|0|0|0
0|0|0|0
0|0|0|0
0|0|0|0
0|0|0|0
0|0|0|0
0|0|0|0
0|0|0|0
0|0|0|0
0|0|0|0
0|0|0|0
0|0|0|0
0|0|0|0
0|0|0|0
0|0|0|0
0|0|0|0
0|0|0|0
0|0|0|0
0|0|0|0
0|0|0|0
0|0|0|0
0|0|0|0
0|0|0|0
0|0|0|0
0|0|0|0
0|0|0|0
0|0|0|0
0|0|0|0
0|0|0|0
0|0|0|0
0|0|0|0
0|0|0|0
0|0|0|0
0|0|0|0
0|0|0|0
0|0|0|0
0|0|0|0
0|0|0|0
0|0|0|0
0|0|0|0
0|0|0|0
0|0|0|0
0|0|0|0
0|0|0|0
0|0|0|0
0|0|0|0
0|0|0|0
0|0|0|0
0|0|0|0
0|0|0|0
0|0|0|0
0|0|0|0
0|0|0|0
0|0|0|0
0|0|0|0
0|0|0|0
0|0|0|0
0|0|0|0
0|0|0|0
0|0|0|0
0|0|0|0
0|0|0|0
0|0|0|0
0|0|0|0
0|0|0|0
0|0|0|0
0|0|0|0
0|0|0|0
0|0|0|0
0|0|0|0
0|0|0|0
0|0|0|0
0|0|0|0
0|0|0|0
0|0|0|0
0|0|0|0
0|0|0|0
0|0|0|0
0|0|-1,017305E-05|0
0,002270808|0|-0,0008548271|0
0,07498775|0|-0,00226361|0
0,1281126|0|-0,003305556|0
0,1976269|0|-0,004150209|0
0,2562526|0|-0,004939375|0
0,3132958|0,0108612|-0,005432603|0
0,362653|0,03018959|-0,005888839|0
0,4017996|0,04495905|-0,006123124|0
0,4317905|0,06447582|-0,006123124|0
0,4575241|0,08331442|-0,006378986|0
0,4832576|0,1065235|-0,006619434|0
0,5070696|0,1370044|-0,006619434|0
0,5282818|0,1617206|-0,006832139|0
0,5433904|0,1817648|-0,006832139|0
0,5526966|0,2084026|-0,006832139|0
0,5593278|0,2449495|-0,007054093|0
0,5636607|0,2677065|-0,007534991|0
0,5673154|0,3274248|-0,008891368|0
0,5673154|0,363934|-0,01122804|0
0,5514533|0,3973159|-0,01360478|0
0,5221781|0,4472382|-0,01579965|0
0,5037916|0,4709372|-0,01690633|0
0,4541708|0,5202942|-0,01903029|0
0,4123491|0,5610233|-0,02158892|0
0,3713564|0,5977962|-0,02516483|0
0,3550798|0,6112469|-0,02730112|0
0,3443418|0,619988|-0,02975493|0
0,3373339|0,6256396|-0,03207311|0
0,3310418|0,6292566|-0,03460707|0
0,3310418|0,632723|-0,03657382|0
0,3282537|0,632723|-0,03830628|0
0,3282537|0,632723|-0,03969965|0
0,3282537|0,632723|-0,04126256|0
0,3282537|0,632723|-0,0426097|0
0,3282537|0,632723|-0,04396607|0
0,3333401|0,632723|-0,04534403|0
0,338728|0,632723|-0,04658943|0
0,3463011|0,632723|-0,04756664|0
0,3539118|0,632723|-0,04884287|0
0,3598648|0,632723|-0,04979851|0
0,3649513|0,632723|-0,05089285|0
0,3693218|0,632723|-0,05243728|0
0,3693218|0,632723|-0,05377207|0
0,3693218|0,632723|-0,05494966|0
0,3693218|0,632723|-0,05649408|0
0,3729388|0,632723|-0,05805083|0
0,3729388|0,632723|-0,05978329|0
0,3729388|0,632723|-0,06128765|-0,0001951346
0,3669105|0,632723|-0,0625762|-0,0001951346
0,3575665|0,632723|-0,06356574|-0,0004324996
0,2848119|0,632723|-0,0651564|-0,0004324996
0|0,627222|-0,0664912|-0,0006328741
0|0,5721757|-0,0677551|-0,0006328741
0|0,2734334|-0,06880938|-0,0006328741
0|0|-0,06972802|-0,0006328741
0|0|-0,07059117|-0,0006328741
0|0|-0,07126935|-0,0006328741
0|0|-0,07171942|-0,0006328741
0|0|-0,07204002|-0,0008856539
0|0|-0,07204002|-0,001135351
0|0|-0,07225273|-0,001332643
0|0|-0,07225273|-0,001825871
0|0|-0,06806029|-0,002300603
0|0|-0,06232959|-0,002513308
0|0|-0,0377144|-0,002158799
0|0|-0,03517428|-0,001344973
0|0|-0,02648729|-0,0007191889
0|0|-0,02013081|-0,000232126
0|0|-0,01423673|0
0|0|-0,01020151|0
0|0|-0,007427096|0
0|0|-0,00558982|0
0|0|-0,004359832|0
0|0|-0,00361074|0
0|0|-0,00314834|0
0|0|-0,00491163|-0,0001735553
0|0|-0,009153396|-0,00108911
0|0|-0,01505056|-0,001909103
0|0|-0,02216846|-0,002994206
0|0|-0,03320137|-0,004341336
0|0|-0,03654299|-0,00463419
0|0|-0,04270218|-0,004883887
0|0|-0,05116104|-0,005398693
0|0|-0,05709212|-0,005398693
0|0|-0,06285673|-0,005608317
0|0|-0,06841788|-0,005608317
0|0|-0,07616773|-0,005802523
0|0|-0,08024303|-0,005802523
0|0|-0,08335037|-0,005802523
0|0|-0,08547124|-0,005802523
0|0|-0,08672281|-0,007242136
0|0|-0,08306984|-0,008108367
0|0|-0,05073255|-0,00707567
0|0|-0,02076276|-0,0005434765
0|0|-0,01465289|0
0|0|-0,009301363|0
0|0|-0,005145914|0
0|0|-0,001076779|0
0|0|0|0
0|0|0|0
0|0|0|0
0|0|0|0
0|0|0|0
0|0|0|0
0|0|0|0
0|0|0|0
0|0|0|0
0|0|0|0
0|0|0|0
0|0|0|0
0|0|0|0
0|0|0|0
0|0|0|0
0|0|0|0
0|0|0|0
0|0|0|0
0|0|0|0
0|0|0|0
0|0|0|0
0|0|0|0
0|0|0|0
0|0|0|0
0|0|0|0
0|0|0|0
0|0|0|0
0|0|0|0
0|0|0|0
0|0|0|0
0|0|0,001896772|0
0|0|0,006853717|0
0|0|0,01301907|0
0|0|0,0244743|0
0|0|0,03141649|0
0|0|0,05616115|0
0|0|0,06112426|0
0|0|0,06627541|0
0|0|0,07113988|0
0|0|0,07679351|0
0|0|0,09090909|0
0|0|0,09090909|0
0|0|0,09090909|0
0|0|0,09090909|0
0|0|0,09090909|0
0|0|0,09090909|0
0|0|0,09090909|0
0|0|0,09090909|0
0|0|0,08112468|0
0|0|0,05475545|0
0|0|0,02635165|0
0|0|0,001311063|0
0|0|0|0
0|0|0|0
0|0|0|0
0|0|0|0
0|0|0|0
0|0|0|0
0|0|0|0
0|0|0|0
0|0|0|0
0|0|0|0
0|0|0|0
0|0|0|0
0|0|0|0
0|0|0|0
0|0|0|0
0|0|0|0
0|0|0|0
0|0|0|0
0|0|0|0
0|0|0|0
0|0|0|0
0|0|0|0
0|0|0|0
0|0|0|0
0|0|0|0
0|0|0|0
0|0|0|0
0|0|0|0
0|0|0|0
0|0|0|0
0|0|0|0
0|0|0|0
0|0|0|0
0|0|0|0
0|0|0|0
0|0|0|0
0|0|0|0
0|0|0|0
0|0|0|0
0|0|0|0
0|0|0|0
0|0|0|0
0|0|0|0
0|0|0|0
0|0|0|0
0|0|0|0
0|0|0|0
0|0|0|0
0|0|0|0
0|0|0|0
0|0|0|0
0|0|0|0
0|0|0|0
0|0|0|0
0|0|0|0
0|0|0|0
0|0|0|0
0|0|0|0
0|0|0|0
0|0|0|0
0|0|0|0
0|0|0|0
0|0|0|0
0|0|0|0
0|0|0|0
0|0|0|0
0|0|0|0
0|0|0|0
0|0|0|0
0|0|0|0
0|0|0|0
0|0|0|0
0|0|0|0
0|0|0|0
0|0|0|0
0|0|0|0
0|0|0|0
0|0|0|0
0|0|0|0
0|0|0|0
0|0|0|0
0|0|0|0
0|0|0|0
0|0|0|0
0|0|0|0
0|0|0|0
0|0|0|0
0|0|0|0
0|0|0|0
0|0|0|0
0|0|0|0
0|0|0|0
0|0|0|0
0|0|0|0
0|0|0|0
0|0|0|0
0|0|0|0
0|0|0|0
0|0|0|0
0|0|0|0
0|0|0|0
0|0|0|0
0|0|0|0
0|0|0|0
0|0|0|0
0|0|0|0
0|0|0|0
0|0|0|0
0|0|0|0
0|0|0|0
0|0|0|0
0|0|0|0
0|0|0|0
0|0|0|0
0|0|0|0
0|0|0|0
0|0|0|0
0|0|0|0
0|0|0|0
0|0|0|0
0|0|0|0
0|0|0|0
0|0|0|0
0|0|0|0
0|0|0|0
0|0|0|0
0|0|0|0
0|0|0|0
0|0|0|0
0|0|0|0
0|0|0|0
0|0|0|0
0|0|0|0
0|0|0|0
0|0|0|0
0|0|0|0
0|0|0|0
0|0|0|0
0|-0,00189403|0|0
0|-0,022089|0|0
0|-0,04009869|0|0
0|-0,03520066|0|0
0|-0,01632439|0|0
0|0|0|0
0|0|0|0
0|0|0|0
0|0|0|0
0|0|0|0
0|0|0|0
0|0|0|0
0|0|0|0
0|0|0|0
0|0|0|0
0|0|0|0
0|0|0|0
0|0|0|0
0|0|0,0009257281|0
0|-0,1263417|0|0
0|-0,1631147|0|0
0|-0,2165786|0|0
0|-0,2209868|0|0
0|-0,1851558|0|0
0|-0,09631301|0|0
0|0|0|0
0|0|0|0
0|0|0|0
0|0|0|0
0|0|0|0
0|0|0|0
0|0|0|0
0|0|0|0
0|0|0,0001735553|0
0|0|0|0
0|0|0|0
0|-0,003664858|0|0
0|0|0|0
0|0|0|0
0|0|0|0
0|0|0|0
0|0|0|0
0|0|0|0
0|0|0|0
0|0|0|0
0|0|0|0
0|0|0|-0,000370847
0|0|0|-0,0005866335
0|0|0|0
0|0|0|0
0|0|0|0
0|0|0|0
0|0|0|0
0|0|0|0
0,1490234|-0,1746815|0|0
0,1490234|-0,1782985|0|0
0,1490234|-0,1807476|0|0
0,1490234|-0,1807476|0|0
0,1490234|-0,1833096|0|0
0,1490234|-0,1833096|0|0
0,1490234|-0,1856833|0|0
0,146273|-0,1856833|0|0
0,140433|-0,1856833|0|0
0,1217075|-0,164471|0|0
0,1001938|-0,1419024|0|0
0,07404582|-0,113117|0|0
0,03022726|-0,07657019|0|0
0|-0,04126669|0|0
0|-0,003702534|0|0
0|0|0|0
0|0|0|0
0|0|0|0
0|0|0|0
0|0|0|0
0|0|0|0
0|0|0|0
0|0|0|0
0|0|0|0
0|0|0|0
0|0|0|0
0|0|0|0
0|0|0|0
0|0|0|0
0|0|0|0
0|0|0|0
0|0|0|0
0|0|0|0
0|0|0|0
0|0|0|0
0|0|0|0
0|0|0|0
0|0|0|0
0|0|0|0
0|0|0|0
0|0|0|0
0|0|0|0
0|0|0|0
0|0|0|0
0|0|0|0
0|0|0|0
0|0|0|0
0|0|0|0
0|0|0|0
0|0|0|0
0|0|0|0
0|0|0|0
0|0|0|0
0|0|0|0
0|0|0|0
0|0|0|0
0|0|0|0
0|0|0|0
0|0|0|0
0|0|0|0
0|0|0|0
0|0|0|0
0|0|0|0
0|0|0|0
0|0|0|0
0|0|0|0
0|0|0|0
0|0|0|0
0|0|0|0
0|0|0|0
0|0|0|0
0|0|0|0
0|0|0|0
0|0|0|0
0|0|0|0
0|0|0|0
0|0|0|0
0|0,2767113|0|0
0,03975959|0,3515759|0|0
0,3180055|0,4423025|0|0
0,3684552|0,7707721|0|0
0,4346918|0,7816984|0|0
0,4925639|0,8130835|0|0
0,5297512|0,8332785|0|0
0,5617014|0,8505723|0|0
0,5735698|0,8588236|0|0
0,5794474|0,8742336|0|0
0,5794474|0,8801866|0|0
0,5794474|0,8941271|0|0
0,5650548|0,9249471|0|0
0,4939956|1|0|0
0,1815765|1|0|0
0,1165457|1|0|0
0|1|0|0
-0,5106489|0,9849291|0|0
-0,5754536|0,9288654|0|0
-0,6520137|0,8597656|0|0
-0,7197572|0,7806812|0|0
-0,7706214|0,7288751|0|0
-0,806151|0,6955308|0|0
-0,8283051|0,6742055|0|0
-0,8347479|0,6713797|0|0
-0,8117272|0,7089062|0|0
-0,757585|0,7592806|0|0
-0,3892908|1|0|0
-0,1200496|1|0|0
0|1|0|0
0,02578136|1|0|0
0,07114468|1|0|0
0,1185049|1|0|0
0,4265911|0,99043|0|0
0,477493|0,966392|0|0
0,5335943|0,9209909|0|0
0,5925214|0,8809779|0|0
0,6477561|0,8455236|0|0
0,6972262|0,8182454|0|0
0,7479397|0,7537797|0|0
0,7862197|0,7101495|0|0
1|0|0|0
1|-0,03923211|0|0
0,9778835|-0,4363118|0|0
0,6616967|-0,8090521|0|0
0,1594976|-1|0|0
0|-1|0|0
0|-1|0|0
0|-1|0|0
0|-1|0|0
-0,05298428|-1|0|0
-0,08079005|-1|0|0
-0,09009628|-1|0|0
-0,04424318|-1|0|0
0|-0,9896388|0|0
0,2138281|-0,6317056|0|0
0,3015406|-0,5967789|0|0
0,5644895|-0,5699151|0|0
0,6288422|-0,5554094|0|0
0,7058543|-0,5554094|0|0
0,7716386|-0,5504737|0|0
0,845938|-0,4815244|0|0
0,8789433|-0,1800317|0|0
0,8905479|-0,1447282|0|0
0,8929592|-0,06824353|0|0
0,6175013|0|0|0
0|0|0|0
0|0|0|0
0|0|0|0
0|0|0|0
0|0|0|0
0|0|0|0
0|0|0|0
0|0|0|0
0|0|0|0
0|0|0|0
0|0|0|0
0|0|0|0
0|0|0|0
0|0|0|0
0|0|0|0
0|0|0|0
0|0|0|0
0|0|0|0
0|0|0|0
0|0,1804085|0|0
0|0,2493577|0|0
0|0,5699905|0|0
0|0,6518253|0|0
0|0,7377669|-0,0007654296|0
0|0,9872651|-0,002201957|0
-0,09446685|1|-0,004698926|0
-0,1842515|1|-0,006847554|0
-0,2284469|1|-0,007698372|0
-0,2770504|1|-0,008259418|0
-0,3235441|1|-0,008564604|0
-0,3579056|0,9953657|-0,007713785|0
-0,3813785|0,9953657|-0,005660722|0
-0,3965624|0,9953657|-0,00347202|0
-0,4065092|0,9953657|-0,00173339|0
-0,413065|0,9953657|-0,0005280627|0
-0,413065|1|0|0
-0,3906848|1|0|0
-0,3333024|0,9964961|0|0
0|0,9585174|0|0
0|0,683248|0|0
0|0,3725621|0|0
0|0,325541|0|0
0|0|0|0
0|0|0|0
0|0|0|0
0,3362036|0|0|0
0,616371|0,006377623|0|0
1|0,2727176|0|0
1|0,301955|0|0
1|0,3206806|0|0
1|0,3330387|0|0
1|0,3412147|0|0
1|0,3466025|0|0
1|0,329497|0|0
1|0,3064386|0|0
1|0,2746767|0|0
1|0,2408803|0|0
1|0,2070086|0|0
1|0,1827068|0|0
1|0,1074655|0|0
1|0|0|0
1|0|0|0
1|0|0|0
1|0|0|0
1|-0,3344328|0|0
0,9697452|-0,3731272|0|0
0,9302972|-0,4499133|0|0
0,8711064|-0,778948|0|0
0,5303164|-0,8093535|0|0
0,1606656|-1|0|0
0|-1|0|0
-0,1990964|-1|0|0
-0,2365098|-1|0|0
-0,3024825|-1|0|0
-0,3808133|-0,9769039|0|0
-0,4605006|-0,9535441|0|0
-0,5353274|-0,6597375|0|0
-0,1246839|-0,194349|0|0
0|0|0|0
0|0|0|0
0|0|0|0
0|0|0|0
0|0|0|0
0|0|0|0
0|0|0|0
0|0|0|0
0|0|0|0
0|0|0|0
0|0|0|0
0|0|0|0
0|0|0|0
0|0|0|0
0|0|0|0
0|0|0|0
0|0|0|0
0|0|0|0
0|0|0|0
0|0|0|0
0|0|0|0
0|0|0|0
0|0|0|0
0|0|0|0
0|0|0|0
0|0|0|0
0|0|0|0
0|0|0|0
0|0|0|0
0|0|0|0
0|0|0|0
0|0|0|0
0|0|0|0
0|0|0|0
0|0|0|0
0|0|0|0
0|0|0|0
0|0|0|0
0|0|0|0
0|0|0|0
0|0|0|0
0|0|0|0
0|0|0|0
0|0|0|0
0|0|0|0
0|0|-0,002920221|0
0|0|-0,009828501|0
0|0|-0,03157371|0
0|0|-0,03380557|0,001002795
0|0|-0,03546713|0,0004941541
0|0|-0,03497082|0
0|0|0|0
0|0|0|0
0|0|0|0
0|0|0|0
0|0|0|0
0|0|0|0
0|0|0|0
0|0|0|0
0|0|0|0
0|0|0|0
0|0|0|0
0|0|0|0
0|0|0|0
0|0|0|0
0|0|0|0
0|0|0|0
0|0|0|0
0|0|0|0
0|0|0|0
0|0|0|0
0|0|0|0
0|0|0|0
0|0|0|0
0|0|0|0
0|0|0|0
0|0|0|0
0|0|0|0
0|0|0|0
0|0|0|0
0|0|0|0
0|0|0|0
0|0|0|0
0|0|0|0
0|0|0|0
0|0|0|0
0|0|0|0
0|0|0|0
0|0|0|0
0|0|0|0
0|0|0|0
0|0|0|0
0|0|0|0
0|0|0|0
0|0|0|0
0|0|0|0
0|0|0|0
0|0|0|0
0|0|0|0
0|0|0|0
0|0|0|0
0|0|0|0
0|0|0|0
0|0|0|0
0|0|0|0
0|0|0|0
0|0|0|0
0|0|0|0
0|0|0|0
0|0|0|0
0|0|0|0
0|0|0|0
0|0|0|0
0|0|0|0
0|0|0|0
0|0|0|0
0|0|0|0
0|0|0|0
0|0|0|0
0|0|0|0
0|0|0|0
0|0|0|0
0|0|0|0
0|0|0|0
0|0|0|0
0|0|0|0
0|0|0|0
0|0|0|0
0|0|0|0
0|0|0|0
0|0|0|0
0|0|0|0
0|0|0|0
0|0|0|0
0|0|0|0
0|0|0|0
0|0|0|0
0|0|0|0
0|0|0|0
0|0|0|0
0|0|0|0
0|0|0|0
0|0|0|0
0|0|0|0