#|seed
£|7
#|MoveX|MoveY|CamX|CamY|ButtonKeyCodes
0|0|0|0
0|0|0|0
0|0|0|0
0|0|0|0
0|0|0|0
0|0|0|0
0|0|0|0
0|0|0|0
0|0|0|0
0|0|0|0
0|0|0|0
0|0|0|0
0|0|0|0
0|0|0|0
0|0|0|0
0|0|0|0
0|0|0|0
0|0|0|0
0|0|0|0
0|0|0|0
0|0|0|0
0|0|0|0
0|0|0|0
0|0|0|0
0|0|0|0
0|0|0|0
0|0|0|0
0|0|0|0
0|0|0|0
0|0|0|0
0|0|0|0
0|0|0|0
0|0|0|0
0|0|0|0
0|0|0|0
0|0|0|0
0|0|0|0
0|0|0|0
0|0|0|0
0|0|0|0
0|0|0|0
0|0|0|0
0|0|0|0
0|0|0|0
0|0|0|0
0|0|0|0
0|0|0|0
0|0|0|0
0|0|0|0
0|0|0|0
0|0|0|0
0|0|0|0
0|0|0|0
0|0|0|0
0|0|0|0
0|0|0|0
0|0|0|0
0|0|0|0
0|0|0|0
0|0|0|0
0|0|0|0
0|0|0|0
0|0|0|0
0|0|0|0
0|0|0|0
0|0|0|0
0|0|0|0
0|0|0|0
0|0|0|0
0|0|0|0
0|0|0|0
0|0|0|0
0|0|0|0
0|0|0|0
0|0|0|0
0|0|0|0
0|0|0|0
0|0|0|0
0|0|0|0
0|0|0|0
0|0|0|0
0|0|0|0
0|0|0|0
0|0|0|0
0|0|0|0
0|0|0|0
0|0|0|0
0|0|0|0
0|0|0|0
0|0|0|0
0|0|0|0
0|0|0|0
0|0|0|0
0|0|0|0
0|0|0|0
0|0|0|0
0|0|0|0
0|0|0|0
0|0|0|0
0|0|0|0
0|0|0|0
0|0|0|0
0|0|0|0
0|0|0|0
0|0|0|0
0|0|0|0
0|0|0|0
0|0|0|0
0|0|0|0
0|0|0|0
0|0|0|0
0|0|0|0
0|0|0|0
0|0|0|0
0|0|0|0
0|0|0|0
0|0|0|0
0|0|0|0
0|0|0|0
0|0|0|0
0|0|0|0
0|0|0|0
0|0|0|0
0|0|0|0
0|0|0|0
0|0|0|0
0|0|0|0
0|0|0|0
0|0|0|0
0|0|0|0
0|0|0|0
0|0|0|0
0|0|0|0
0|0|0|0
0|0|0|0
0|0|0|0
0|0|0|0
0|0|0|0
0|0|0|0
0|0|0|0
0|0|0|0
0|0|0|0
0|0|0|0
0|0|0|0
0|0|0|0
0|0|0|0
0|0|0|0
0|0|0|0
0|0|0|0
0|0|0|0
0|0|0|0
0|0|0|0
0|0|0|0
0|0|0|0
0|0|0|0
0|0|0|0
0|0|0|0
0|0|0|0
0|0|0|0
0|0|0|0
0|0|0|0
0|0|0|0
0|0|0|0
0|0|0|0
0|0|0|0
0|0|0|0
0|0|0|0
0|0|0|0
0|0|0|0
0|0|0|0
0|0|0|0
0|0|0|0
0|0|0|0
0|0|0|0
0|0|0|0
0|0|0|0
0|0|0|0
0|0|0|0
0|0|0|0
0|0|0|0
0|0|0|0
0|0|0|0
0|0|0|0
0|0|0|0
0|0|0|0
0|0|0|0
0|0|0|0
0|0|0|0
0|0|0|0
0|0|0|0
0|0|0|0
0|0|0|0
0|0|0|0
0|0|0|0
0|0|0|0
0|0|0|0
0|0|0|0
0|0|0|0
0|0|0|0
0|0|0|0
0|0|0|0
0|0|0|0
0|0|0|0
0|0|0|0
0|0|0|0
0|0|0|0
0|0|0|0
0|0|0|0
0|0|0|0
0|0|0|0
0|0|0|0
0|0|0|0
0|0|0|0
0|0|0|0
0|0|0|0
0|0|0|0
0|0|0|0
0|0|0|0
0|0|0|0
0|0|0|0
0|0|0|0
0|0|0|0
0|0|0|0
0|0|0|0
0|0|0|0
0|0|0|0
0|0|0|0
0|0|0|0
0|0|0|0
0|0|0|0
0|0|-0,01710979|0
0|0|-0,02280041|-0,0005249809
0|0|-0,05041812|-0,005238395
0|0|-0,05385531|-0,00735003
0|0|-0,07731449|-0,01168119
0|0|-0,09091218|-0,01612949
0|0|-0,09091218|-0,01900563
0|0|-0,09091218|-0,02083058
0|0|-0,09091218|-0,02198042
0|0|-0,09091218|-0,0223565
0|0|-0,09091218|-0,02288056
0|0|-0,09091218|-0,02307477
0|0|-0,09091218|-0,02333063
0|0|-0,09091218|-0,02353409
0|0|-0,09091218|-0,02353409
0|0|-0,09091218|-0,02373446
0|0|-0,09091218|-0,02373446
0|0|-0,09091218|-0,02373446
0|0|-0,09091218|-0,02373446
0|0|-0,09091218|-0,02373446
0|0|-0,09091218|-0,02373446
0|0|-0,09091218|-0,02373446
0|0|-0,09091218|-0,0249552
0|0|-0,09091218|-0,02893186
0|0|-0,09091218|-0,03205769
0|0|-0,08799288|-0,03925883
0|0|-0,08538802|-0,06076051
0|0|-0,08125415|-0,06367981
0|0|-0,07923499|-0,06576678
0|0|-0,07388964|-0,07026131
0|0|-0,06800789|-0,07430579
0|0|-0,06238816|-0,0779156
0|0|-0,05831903|-0,08064377
0|0|-0,05555695|-0,08243481
0|0|-0,05375358|-0,08354767
0|0|-0,05311546|-0,08396074
0|0|-0,05219683|-0,08454336
0|0|-0,05187006|-0,08474066
0|0|-0,05250817|-0,08387442
0|0|-0,05431771|-0,08173196
0|0|-0,05504213|-0,07868627
0|0|-0,05487876|-0,05383681
0|0|-0,0488737|-0,02640406
0|0|-0,01640077|-0,0005311455
0|0|-0,009899404|0
0|0|-0,00484073|0
0|0|-0,002840071|0
0|0|0|0
-0,1049411|0|0|0
-0,1395664|0|0|0
-0,2183494|0|0|0
-0,5118169|0|0|0
-0,5416572|0|0|0
-0,5885276|-0,006754383|0|0
-0,6196866|-0,009806233|0|0
-0,6832104|-0,01523175|0|0
-0,7703953|-0,01911251|0|0
-0,8371592|-0,01911251|0|0
-0,8649274|-0,02186293|0|0
-0,9131541|-0,02186293|0|0
-1|-0,02186293|0|0
-1|-0,01824592|0|0
-1|-0,008562888|0|0
-0,9989074|0|0|0
-0,9989074|0|0|0
-1|0|0|0
-0,9989074|0|0|0
-1|0|0|0
-1|0|0|0
-0,9977394|0|0|0
-0,9930674|0|0|0
-0,9773937|0|0,002158799|0
-0,9276221|0|0,02899968|0
-0,8498188|0|0,03372234|0,004011489
-0,7637641|0|0,05906196|0,008764979
-0,6786891|0|0,0611181|0,01283103
-0,5968166|0|0,06268718|0,01559003
-0,5205203|0|0,06370447|0,01722693
-0,4488206|0,02144849|0,06404972|0,0176585
-0,3972406|0,04974405|0,0605139|0,01630521
-0,3771586|0,06289337|0,05697806|0,01478237
-0,3244106|0,1185426|0,02854652|0,007550403
-0,2869219|0,1529041|0,004214945|0,0009781342
-0,2486418|0,1831589|0,001533016|0
-0,2319885|0,1989833|0,0005249809|0
-0,2055392|0,2235112|0|0
-0,1870397|0,2398631|0|0
-0,1610801|0,2565163|0|0
-0,1484582|0,2657849|0|0
-0,144163|0,2692513|0|0
-0,1375319|0,2740739|0|0
-0,1336134|0,2740739|0|0
-0,129921|0,2669153|0|0
-0,129921|0,2507141|0|0
-0,129921|0,2388458|0|0
-0,129921|0,2342868|0|0
-0,1261533|0,2279948|0|0
-0,1261533|0,224114|0|0
-0,1261533|0,224114|0|0
-0,1261533|0,2215519|0|0
-0,1261533|0,2215519|0|0
-0,1261533|0,2215519|0|0
-0,1261533|0,2278441|0|0
-0,1261533|0,2359446|0|0
-0,1261533|0,2406543|0|0
-0,1261533|0,2406543|0|0
-0,1261533|0,2450625|0|0
-0,1261533|0,2450625|0|0
-0,1261533|0,2450625|0|0
-0,1261533|0,2450625|0|0
-0,1261533|0,2414455|0|0
-0,1261533|0,2414455|0|0
-0,1261533|0,238582|0|0
-0,1261533|0,238582|0|0
-0,1261533|0,238582|0|0
-0,1261533|0,238582|0|0
-0,1261533|0,238582|0|0
-0,1261533|0,238582|0|0
-0,1261533|0,238582|0|0
-0,1261533|0,238582|0|0
-0,1261533|0,238582|0|0
-0,1261533|0,238582|0|0
-0,1261533|0,238582|0|0
-0,1261533|0,238582|0|0
-0,1261533|0,238582|0|0
-0,1261533|0,238582|0|0
-0,1261533|0,2332695|0|0
-0,1261533|0,2332695|0|0
-0,1261533|0,2298786|0|0
-0,1261533|0,2243778|0|0
-0,1261533|0,198908|0|0
-0,07348066|0,1361001|0|0
0|0,05972849|0|0
0|0|0|0
0|0|0|0
0|0|0|0
0|0|0|0
0|0|0|0
0|0|0|0
0|0|0|0
0|0|0|0
0|0|0|0
0|0|0|0
0|0|0|0
0|0|0|0
0|0|0|0
0|0|0|0
0|0|0|0
0|0|0|0
0|0|0|0
0|0|0|0
0|0|0|0
0|0|0|0
0|0|0|0
0|0|0|0
0|0|0|0
0|0|0|0
0|0|0|0
0|0|0|0
0|0|0|0
0|0|0|0
0|0|0|0
0|0|0|0
0|0|0|0
0|0|0|0
0|0|0|0
0|0|0|0
0|0|0|0
0|0|0|0
0|0|0|0
0|0|0|0
0|0|0|0
0|0|0|0
0|0|0|0
0|0|0|0
0|0|0|0
0|0|0|0
0|0|0|0
0|0|0|0
0|0|0|0
0|0|0|0
0|0|0|0
0|0|0|0
0|0|0|0
0|0|0|0
0|0|0|0
0|0|0|0
0|0|0|0
0|0|0|0
0|0|0|0
0|0|0|0
0|0|0|0
0|0|0|0
0|0|0|0
0|0|0|0
0|0|0|0
0|0|0|0
0|0|0|0
0|0|0|0
0|0|0|0
0|0|0|0
0|0|0|0
0|0|0|0
0|0|0|0
0|0|0|0
0|0|0|0
0|0|0|0
0|0|0|0
0|0|0|0
0|0|0|0
0|0|0|0
0|0|0|0
0|0|0|0
0|0|0|0
0|0|0|0
0|0|0|0
0|0|0|0
0|0|0|0
0|0|0|0
0|0|0|0
0|0|0|0
0|0|0|0
0|0|0|0
0|0|0|0
0|0|0|0
0|0|0|0
0|0|0|0
0|0|0|0
0|0|0|0
0|0|0|0
0|0|0|0
0|0|0|0
0|0|0|0
0|0|0|0
0|0|0|0
0|0|0|0
0|0|0|0
0|0|0|0
0|0|0|0
0|0|0|0
0|0|0|0
0|0|0|0
0|0|0|0
0|0|0|0
0|0|0|0
0|0|0|0
0|0|0,0001334802|0
0|0|0,003727882|0
0|0|0,00831799|0
0|0|0,01305298|2,866968E-05
0|0|0,01731324|0,003157587
0|0|0,02084908|0,005491174
0|0|0,02345086|0,007217473
0|0|0,02510009|0,0083519
0|0|0,0261482|0,009076329
0|0|0,02689729|0,009541811
0|0|0,02734736|0,009822337
0|0|0,02734736|0,009822337
0|0|0,02734736|0,01013369
0|0|0,02687879|0,01013369
-0,008148451|0|0,02562723|0,01013369
-0,04665452|0|0,023941|0,009711361
-0,07231267|0|0,02220237|0,008555355
-0,08139286|0|0,02123749|0,007772355
-0,09476826|0|0,0186727|0,006289588
-0,1032456|0|0,01607401|0,004695843
-0,1063728|0|0,01284953|0,002479398
-0,1105173|0|0,008814302|0
-0,1129287|0|0,004800654|0
-0,1129287|0|0,003173|0
-0,1068249|0|0,00073152|0
-0,09823456|0|0|0
-0,07890617|0|0|0
-0,06575684|0|0|0
-0,04688058|0|0|0
-0,004380721|0|0|0
0|0|0|0
0|0|0|0
0|0|0|0
0|0|0|0
0|0|0|0
0|0|0|0
0|0|0|0
0|0|0|0
0|0|0|0
0|0|0|0
0|0|0|0
0|0|0|0
0|0|0|0
0|0|0|0
0|0|0|0
0|0|0|0
0|0|0|0
0|0|0|0
0|0|0|0
0|0|0|0
0|0|0|0
0|0|0|0
0|0|0|0
0|0|0|0
0|0|0|0
0|0|0|0
0|0|0|0
0|0|0|0
0|0|0|0
0|0|0|0
0|0|0|0
0|0|0|0
0|0|0|0
0|0|0|0
0|0|0|0
0|0|0|0
0|0|0|0
0|0|0|0
0|0|0|0
0|0|0|0
0|0|0|0
0|0|0|0
0|0|0|0
0|0|0|0
0|0|0|0
0|0|0|0
0|0|0|0
0|0|0|0
0|0|0|0
0|0|0|0
0|0|0|0
0|0|0|0
0|0|0|0
0|0|0|0
0|0|0|0
0|0|0|0
0|0|0|0
0|0|0|0
0|0|0|0
0|0|0|0
0|0|0|0
0|0|0|0
0|0|0|0
0|0|0|0
0|0|0|0
0|0|0|0
0|0|0|0
0|0|0|0
0|0|0|0
0|0|0|0
0|0|0|0
0|0|0|0
0|0|0|0
0|0|0|0
0|0|0|0
0|0|0|0
0|0|0|0
0|0|0|0
0|0|0|0
0|0|0|0
0|0|0|0
0|0|0|0
0|0|0|0
0|0|0|0
0|0|0|0
0|0|0|0
0|0|0|0
0|0|0|0
0|0|0|0
0|0|0|0
0|0|0|0
0|0|0|0
0|0|0|0
0|0|0|0
0|0|0|0
0|0|0|0
0|0|0|0
0|0|0|0
0|0|0|0
0|0|0|0
0|0|0|0
0|0|0|0
0|0|0|0
0|0|0|0
0|0|0|0
0|0|0|0
0|0|0|0
0|0|0|0
0|0|0|0
0|0|0|0
0|0|0|0
0|0|0|0
0|0|0|0
0|0|0|0
0|0|0|0
0|0|0|0
0|0|0|0
0|0|0|0
0|0|0|0
0|0|0|0
0|0|0|0
0|0|0|0
0|0|0|0
0|0|0|0
0|0|0|0
0|0|0|0
0|0|0|0
0|0|0|0
0|0|0|0
0|0|0|0
0|0|0|0
0|0|0|0
0|0|0|0
0|0|0|0
0|0|0|0
0|0|0|0
0|0|0|0
0|0|0|0
0|0|0|0
0|0|0|0
0|0|0|0
0|0|0|0
0|0|0|0
0|0|0|0
0|0|0|0
0|0|0|0
0|0|0|0
0|0|0|0
0|0|0|0
0|0|0|0
0|0|0|0
0|0|0|0
0|0|0|0
0|0|0|0
0|0|0|0
0|0|0|0
0|0|0|0
0|0|0|0
0|0|0|0
0|0|0|0
0|0|0|0
0|0|0|0
0|0|0|0
0|0|0|0
0|0|0|0
0|0|0|0
0|0|0|0
0|0|0|0
0|0|0|0
0|0|0|0
0|0|0|0
0|0|0|0
0|0|0|0
0|0|0|0
0|0|0|0
0|0|0|0
0|0|0|0
0|0|0|0
0|0|0|0
0|0|0|0
0|0|0|0
0|0|0|0
0|0|0|0
0|0|0|0
0|0|0|0
0|0|0|0
0|0|0|0
0|0|0|0
0|0|0|0
0|0|0|0
0|0|0|0
0|0|0|0
0|0|0|0
0|0|0|0
0|0|0|0
0|0|0|0
0|0|0|0
0|0|0|0
0|0|0|0
0|0|0|0
0|0|0|0
0|0|0|0
0|0|0|0
0|0|0|0
0|0|0|0
0|0|0|0
0|0|0|0
0|0|0|0
0|0|0|0
0|0|0|0
0|0|0|0
0|0|0|0
0|0|0|0
0|0|0|0
0|0|0|0
0|0|0|0
0|0|0|0
0|0|0|0
0|0|0|0
0|0|0|0
0|0|0|0
0|0|0|0
0|0|0|0
0|0|0|0
0|0|0|0
0|0|0|0
0|0|0|0
0|0|0|0
0|0|0|0
0|0|0|0
0|0|0|0
0|0|0|0
0|0|0|0
0|0|0|0
0|0|0|0
0|0|0|0
0|0|0|0
0|0|0|0
0|0|0|0
0|0|0|0
0|0|0|0
0|0|0|0
0|0|0|0
0|0|0|0
0|0|0|0
0|0|0|0
0|0|0|0
0|0|0|0
0|0|0|0
0|0|0|0
0|0|0|0
0|0|0|0
0|0|0|0
0|0|0|0
0|0|0|0
0|0|0|0
0|0|0|0
0|0|0|0
0|0|0|0
0|0|0|0
0|0|0|0
0|0|0|0
0|0|0|0
0|0|0|0
0|0|0|0
0|0|0|0
0|0|0|0
0|0|0|0
0|0|0|0
0|0|0|0
0|0|0|0
0|0|0|0
0|0|0|0
0|0|0|0
0|0|0|0
0|0|0|0
0|0|0|0
0|0|0|0
0|0|0|0
0|0|0|0
0|0|0|0
0|0|0|0
0|0|0|0
0|0|0|0
0|0|0|0
0|0|0|0
0|0|0|0
0|0|0|0
0|0|0|0
0|0|0|0
0|0|0|0
0|0|0|0
0|0|0|0
0|0|0|0
0|0|0|0
0|0|0|0
0|0|0|0
0|0|0|0
0|0|0|0
0|0|0|0
0|0|0|0
0|0|0|0
0|0|0|0
0|0|0|0
0|0|0|0
0|0|0|0
0|0|0|0
0|0|0|0
0|0|0|0
0|0|0|0
0|0|0|0
0|0|0|0
0|0|0|0
0|0|0|0
0|0|0|0
0|0|0|0
0|0|0|0
0|0|0|0
0|0|0|0
0|0|0|0
0|0|0|0
0|0|0|0
0|0|0|0
0|0|0|0
0|0|0|0
0|0|0|0
0|0|0|0
0|0|0|0
0|0|0|0
0|0|0|0
0|0|0|0
0|0|0|0
0|0|0|0
0|0|0|0
0|0|0|0
0|0|0|0
0|0|0|0
0|0|0|0
0|0|0|0
0|0|0|0
0|0|0|0
0|0|0|0
0|0|0|0
0|0|0|0
0|0|0|0
0|0|0|0
0|0|0|0
0|0|0|0
0|0|0|0
0|0|0|0
0|0|0|0
0|0|0|0
0|0|0|0
0|0|0|0
0|0|0|0
0|0|0|0
0|0|0|0
0|0|0|0
0|0|0|0
0|0|0|0
0|0|0|0
0|0|0|0
0|0|0|0
0|0|0|0
0|0|0|0
0|0|0|0
0|0|0|0
0|0|0|0
0|0|0|0
0|0|0|0
0|0|0|0
0|0|0|0
0|0|0|0
0|0|0|0
0|0|0|0
0|0|0|0
0|0|0|0
0|0|0|0
0|0|0|0
0|0|0|0
0|0|0|0
0|0|0|0
0|0|0|0
0|0|0|0
0|0|0|0
0|0|0|0
0|0|0|0
0|0|0|0
0|0|0|0
0|0|0|0
0|0|0|0
0|0|0|0
0|0|0|0
0|0|0|0
0|0|0|0
0|0|0|0
0|0,001253519|0|0
0|0,0585605|0|0
0|0,1133431|0|0
-0,02239041|0,1336511|0|0
-0,05746786|0,1663549|0|0
-0,08195804|0,2004527|0|0
-0,09800851|0,2263369|0|0
-0,1038485|0,2356809|0|0
-0,1121751|0,2492823|0|0
-0,1153777|0,2603595|0|0
-0,1195975|0,2692513|0|0
-0,1221596|0,2771258|0|0
-0,1248346|0,2816094|0|0
-0,1248346|0,2863944|0|0
-0,1248346|0,2900867|0|0
-0,1248346|0,2900867|0|0
-0,1248346|0,2900867|0|0
-0,1248346|0,2939298|0|0
-0,1248346|0,2939298|0|0
-0,1248346|0,2986771|0|0
-0,1248346|0,2986771|0|0
-0,1248346|0,3030477|0|0
-0,1248346|0,3156318|0|0
-0,1248346|0,3297985|0|0
-0,1248346|0,3395568|0|0
-0,1248346|0,3491268|0|0
-0,1248346|0,3602039|0|0
-0,1248346|0,3760283|0|0
-0,1248346|0,3912877|0|0
-0,1248346|0,3977304|0|0
-0,1248346|0,4095987|0|0
-0,1248346|0,4205251|0|0
-0,1248346|0,4483685|0|0
-0,1248346|0,4648711|0|0
-0,1248346|0,4914335|0|0
-0,1248346|0,508652|0|0
-0,1248346|0,5233461|0|0
-0,1248346|0,5441816|0|0
-0,1248346|0,5707816|0|0
-0,1248346|0,5942546|0|0
-0,1248346|0,6098529|0|0
-0,1248346|0,6161073|0|0
-0,1248346|0,6260918|0|0
-0,1248346|0,629558|0|0
-0,1248346|0,6350589|0|0
-0,1248346|0,6388266|0|0
-0,1248346|0,6424813|0|0
-0,1248346|0,6424813|0|0
-0,1248346|0,6461737|0|0
-0,1063728|0,6545757|0|0
-0,08851385|0,6676874|0|0
-0,0762311|0,6764284|0|0
-0,07201126|0,6816279|0|0
-0,06590754|0,6816279|0|0
-0,06590754|0,6862622|0|0
-0,06590754|0,6862622|0|0
-0,07615575|0,6897284|0|0
-0,07890617|0,6897284|0|0
-0,08282459|0,6897284|0|0
-0,08546199|0,6935716|0|0
-0,08546199|0,6935716|0|0
-0,08546199|0,6935716|0|-0,0001057362
-0,08546199|0,6935716|0|-0,00103054
-0,08546199|0,708341|0|-0,001600835
-0,08146822|0,7320777|0|-0,00209098
-0,08146822|0,7453023|0,00132956|-0,002954131
-0,08146822|0,7684738|0,004893135|-0,006002899
-0,08146822|0,7844489|0,008441297|-0,009662037
-0,07766283|0,7940566|0,01188773|-0,0143847
-0,07766283|0,7976736|0,01423673|-0,01787737
-0,07766283|0,8026847|0,01576882|-0,02033119
-0,07766283|0,806151|0,01629596|-0,02126524
-0,07766283|0,806151|0,01638844|-0,02262162
-0,07766283|0,8096172|0|0
-0,07766283|0,8096172|0|0
-0,07766283|0,8096172|0|0
-0,07766283|0,8096172|0|0
-0,07766283|0,8096172|0|0
-0,07766283|0,8096172|0|0
-0,07766283|0,8096172|0|0
-0,07766283|0,8096172|0|0
-0,07766283|0,8096172|0|0
-0,07766283|0,8096172|0|0
-0,07766283|0,8096172|0|0
-0,07766283|0,8096172|0|0
-0,07766283|0,8096172|0|0
-0,07766283|0,8096172|0|0
-0,07766283|0,8096172|0|0
-0,07766283|0,8096172|0|0
-0,07766283|0,8096172|0|-0,0004109211
-0,07766283|0,8096172|0,003407284|-0,001841284
-0,07766283|0,8096172|0,007528823|-0,004603363
-0,07766283|0,8096172|0,009705196|-0,006150868
-0,07397047|0,8096172|0,01304682|-0,008740317
-0,06590754|0,8096172|0,01543589|-0,01051594
-0,05347409|0,8130835|0,01701114|-0,01163187
-0,04307519|0,8130835|0,01801609|-0,0123193
-0,03516297|0,8130835|0,01835519|-0,0123193
-0,0293607|0,8130835|0,01644393|-0,01046353
-0,02544226|0,8130835|0,0111109|-0,007501081
-0,02544226|0,8130835|0,008277914|-0,006135453
-0,01191616|0,8130835|0,004060812|-0,004005324
0|0,8130835|0,001076779|-0,002611953
0|0,8170019|0|-0,001714894
0|0,8170019|0|-0,001385048
0|0,8204683|0|-0,0008640754
0|0,8204683|0|-0,0005928
0|0,8204683|0|-0,0001735553
0|0,8241606|0|0
0|0,8241606|0|0
0|0,83358|0|0
0|0,8445817|0|0
0|0,8538502|0|0
0|0,8582585|0,001721059|0
0|0,8662084|0,007035594|-0,000232126
0|0,8700514|0,01239637|-0,0007962564
0|0,8827863|0,0181394|-0,001471363
0|0,8862526|0,02292988|-0,001896772
0|0,8917535|0,02601872|-0,002137221
0|0,8952198|0,02797931|-0,001714894
0|0,8952198|0,0284078|-0,001311063
0|0,8989121|0,02603105|0
0|0,8989121|0,0007130243|0
0|0,8989121|0|0
0|0,8989121|0|0
0|0,8989121|0|0
0|0,8989121|0|0
0|0,8989121|0|0
0|0,8989121|0|0
0|0,9023785|0|0
0|0,9023785|0|0
0|0,9023785|0|0
0|0,9023785|0|0
0|0,9023785|0|0
0|0,9023785|0|0
0|0,9023785|0|0
0|0,9023785|0|0
0|0,9023785|0|0
0|0,9023785|0|0
0|0,9023785|0|0
0|0,9023785|0|0
0|0,9023785|0|0
0|0,9023785|0|0
0|0,9082561|0|0
0|0,9117224|0|0
0|0,9293553|0|0
0|0,9494749|0|0
0|0,962662|0|0
0|0,9672962|0|0
0|0,9766024|0|0
0|0,9766024|0|0
0|0,9810107|0|0
0|0,9853812|0|0
0|0,9853812|0|0
0|0,9888476|0|0
0|0,9888476|0|0
0|0,9888476|0|0
0|0,9888476|0|0
0|0,9888476|0|0
0|0,9888476|0|0
0|0,9888476|0|0
0|0,9888476|0|0
0|0,9888476|0|0
0|0,9888476|0|0
0|0,9888476|0|0
0|0,9888476|0|0
0|0,9888476|0|0
0|0,9888476|0|0
0|0,9888476|0|0
0|0,9888476|0|0
0|0,9888476|0|0
0|0,9888476|0|0
0|0,9888476|0|0
0|0,9888476|0|0
0|0,9888476|0|0
0|0,9888476|0|0
0,03930746|0,9888476|0|0
0,0820334|0,9888476|0|0
0,1150763|0,9888476|0|0
0,140659|0,9888476|0|0
0,1504928|0,9888476|0|0
0,1651492|0,9888476|0|0
0,1750207|0,9888476|0|0
0,1786753|0,9888476|0|0
0,183385|0,9888476|0|0
0,1877555|0,9888476|0|0
0,1877555|0,9888476|0|0
0,1877555|0,9888476|0|0
0,1877555|0,9888476|0|0
0,1877555|0,9888476|0|0
0,1877555|0,9888476|0|0
0,1877555|0,9888476|0|0
0,1877555|0,9888476|0|0
0,1912218|0,9923892|0|0
0,1912218|0,9923892|0|0
0,1912218|0,9923892|0|0
0,1912218|0,9923892|0|0
0,1885467|0,9923892|0|0
0,1885467|0,9923892|0|0
0,1885467|0,9923892|0|0
0,1850428|0,9923892|0|0
0,1752467|0,9923892|0|0
0,1708761|0,9923892|0|0
0,1613815|0,9923892|0|0
0,1508319|0,9923892|0|0
0,1388506|0,9923892|0|0
0,1230262|0,9923892|0|0
0,1030196|0,9923892|0|0
0,0917541|0,9923892|0|0
0,06131094|0,9923892|0|0
0,02404821|0,9923892|0|0
0|0,9923892|0|0
0|0,9923892|0|0
0|0,9923892|0|0
0|0,9923892|0|0
0|0,9923892|-6,257829E-05|0
0|0,9923892|-0,001153847|0
0|0,9923892|-0,003629236|0
0|0,9923892|-0,004846894|0
0|0,9923892|-0,007692207|0
0|0,9923892|-0,008623176|0
0|0,9923892|-0,01076564|0
0|0,9923892|-0,01268614|0
0|0,9923892|-0,01404869|0
0|0,9923892|-0,01498582|0
0|0,9923892|-0,01531875|0
0|0,9923892|-0,01579965|0
0|0,9923892|-0,01610175|0
0|0,9923892|-0,01630213|0
0|0,9923892|-0,01630213|0
0|0,9923892|-0,01630213|0
0|0,9923892|-0,01651175|0
0|0,9923892|-0,01651175|0
0|0,9923892|-0,01651175|0
0|0,9923892|-0,01473304|0
0|0,9923892|-0,01125578|0
0|0,9923892|-0,00931986|0
0|0,9923892|-0,005987486|0
0|0,9958555|-0,003324051|0
0|0,9958555|-0,001280236|0
0|0,9958555|-0,0004633264|0
0|0,9958555|0|0
0,00660368|0,9958555|0|0
0,02288022|0,9958555|0|0
0,02992585|0,9958555|0|0
0,04228396|0,9958555|0|0
0,05611148|0,9958555|0|0
0,07231267|0,9958555|0|0
0,08870223|0,9958555|0|0
0,1012111|0,9958555|0|0
0,1094247|0,9958555|0|0
0,1094247|0,9958555|0|0
0,1150009|0,9958555|0|0
0,1185049|0,9958555|0|0
0,1220089|0,9958555|0|0
0,1220089|0,9958555|0|0
0,1220089|0,9958555|0|0
0,1220089|0,9958555|0|0
0,1220089|0,9958555|0|0
0,1220089|0,9958555|0|0
0,1145111|0,9958555|0|0
0,1002691|0,9958555|0|0
0,0871198|0,9958555|0|0
0,0762311|0,9958555|0|0
0,07170983|0,9958555|0|0
0,06300642|0,9958555|0|0
0,05675199|0,9958555|0|0
0,0511381|0,9958555|0|0
0,04360266|0,9958555|0|0
0,02958675|0,9958555|0|0
0,01153939|0,9958555|0|0
0|0,9958555|0|0
0|0,9958555|0|0
0|0,9958555|0|0
0|0,9958555|0|0
0|0,9958555|0|0
0|0,9958555|0|0
0|0,9958555|0|0
0|0,9958555|0|0
0|0,9958555|0|0
0|0,9958555|0|0
0|0,9958555|0|0
0|0,9958555|0|0
0|0,9958555|0|0
0|0,9958555|0|0
0|0,9958555|0|0
0|0,9958555|0|0
0|0,9958555|0|0
0|0,9930297|0|0
0|0,9930297|0|0
0|0,9898648|0|0
0|0,9898648|0|0
0|0,9762633|0|0
0|0,949927|0|0
0|0,9286394|0|0
0|0,90803|0|0
0|0,8900957|0|0
0|0,8722744|-0,000398591|0
0|0,8478219|-0,00185978|0
0|0,8370462|-0,003265481|0
0|0,8291717|-0,004261185|0
0|0,8222768|-0,005349371|0
0|0,8197524|-0,005799442|0
0|0,8170773|-0,006098462|0
0|0,8144776|-0,006305001|0
0|0,807658|-0,006305001|0
0|0,8004994|-0,006526953|0
0|0,734602|-0,006526953|0
0|0,4478034|-0,006724245|0
0|0,4049644|-0,007100332|0
0|0,08591413|-0,007803183|0
0|1,017326E-05|-0,008681745|0
0|0|-0,009692863|0
0|0|-0,01012752|0
0|0|-0,01042038|0
0|0|-0,01062383|0
0|0|-0,01062383|0
0|0|-0,01085812|0
0|0|-0,01085812|0
0|0|-0,009159561|0
0|0|-0,007587397|0
0|0|-0,002951048|0
0|0|-0,0003215236|0
0|0|0|0
0|0|0|0
0|0|0|0
0|0|0|0
0|0|0|0
0|0|0|0
0|0|0|0
0|0|0|0
0|0|0|0
0|0|0|0
0|0|0|0
0|0|0|0
0|0|0|0
0|0|0|0
0|0|0|0
0|0|0|0
0|0|0|0
0|0|0|0
0|0|0|0
0|0|0|0
0|0|0|0
0|0|0|0
0|0|0|0
0|0|0|0
0|0|0|0
0|0|0|0
0|0|0|0
0|0|0|0
0|0|0|0
0|0|0|0
0|0|0|0
0|0|0|0
0|0|0|0
0|0|0|0
0|0|0|0
0|0|0|0
0|0|0|0
0|0|0|0
0|0|0|0
0|0|0|0
0|0|0|0
0|0|0|0
0|0|0|0
0|0|0|0
0|0|0|0
0|0|0|0
0|0|0|0
0|0|0|0
0|0|0|0
0|0|0|0
0|0|0|0
0|0|0|0
0|0|0|0
0|0|0|0
0|0|0|0
0|0|0|0
0|0|0|0
0|0|0|0
0|0|-0,0002352088|0
0|0|-0,002189626|0
0|0|-0,00416254|0
0|0|-0,005731623|0
0|0|-0,006899958|0
0|0|-0,008117614|0
0|0|-0,008703324|0
0|0|-0,009347604|0
0|0|-0,01001655|0
0|0|-0,01079954|0
0|0|-0,01149007|0
0|0|-0,01205111|0
0|0|-0,0123563|0
0|0|-0,01255667|0
0|0|-0,01255667|0
0|0|-0,01275396|0
0|0|-0,01275396|0
0|0|-0,01275396|0
0|0|-0,01275396|0
0|0|-0,01275396|0
0|0|-0,01169044|0
0|0|-0,008447463|0
0|0|-0,005216816|0
0|0|-0,002784583|0
0|0|-0,0008363315|0
0|0|0|0
0|0|0|0
0|0|0|0
0|0|0|0
0|0|0|0
0|0|0|0
0|0|0|0
0|0|0|0
0|0|0|0
0|0|0|0
0|0|0|0
0|0|0|0
0|0|0|0
0|0|0|0
0|0|0|0
0|0|0|0
0|0|0|0
0|0|0,00112302|0
0|0|0,00361074|0
0|0|0,005330876|0
0|0|0,006613269|0
0|0|0,007556569|0
0|0|0,008052879|0
0|0|0,008052879|0
0|0|0,008345734|0
0|0|0,007590478|0
0|0|0,004285848|0
0|0|0,001539182|0
0|0|0|0
0|0|0|0
0|0|0|0
0|0|0|0
0|0|0|0
0|0|0|0
0|0|0|0
0|0|0|0
0|0|0|0
0|0|0|0
0|0|0|0
0|0|0|0
0|0|0|0
0|0|0|0
0|0|0|0
0|0|0|0
0|0|0|0
0|0|0|0
0|0|0|0
0|0|0|0
0|0|0|0
0|0|0|0
0|0|0|0
0|0|0|0
0|0|0|0
0|0|0|0
0|0|0|0
0|0|0|0
0|0|0,002920221|-0,001653241
0|0|0,007192813|-0,003767957
0|0|0,01267998|-0,006533119
0|0|0,0198842|-0,009369184
0|0|0,0265921|-0,01183533
0|0|0,03150281|-0,01469605
0|0|0,03467797|-0,01801918
0|0|0,03674336|-0,02038667
0|0|0,03797335|-0,02222395
0|0|0,03732291|-0,0244034
0|0|0,0328037|-0,02593857
0|0|0,02200199|-0,02676781
0|0|0,0008424961|-0,02567347
0|0|0|-0,02180779
0|0|0|-0,01724542
0|0|0|-0,01293276
0|0|0|-0,00931986
0|0|0|-0,00676432
0|0|0|-0,004717422
0|0|0|-0,003136008
0|0|0|-0,001986169
0|0|0|-0,0007469329
0|0|0|-0,0004479135
0|0|0|-1,325582E-05
0|0|0|0
0|0|0|0
0|0|0|0
0|0|0|0
0|0|0|0
0|0|0|0
0|0|0|0
0|0|0|0
0|0|0|0
0|0|0|0
0|0|0|0
0|0|0|0
0|0|0|0
0|0|0|0
0|0|0|0
0|0|0|0
0|0|0|0
0|0|0|0
0|0|0|0
0|0|0|0
0|0|0|0
0|0|0|0
0|0|0|0
0|0|0|0
0|0|0|0
0|0|0|0
0|0|0|0
0|0|0|0
0|0|0|0
0|0|0|0
0|0|0|0
0|0|0|0
0|0|0|0
0|0|0|0
0|0|-0,02160433|0
0|0|-0,05223382|0
0|0|-0,07545871|0
0|0|-0,07853214|0
0|0|-0,08172271|0
0|0|-0,08469133|0
0|0|-0,08583809|0
0|0|-0,08657177|0
0|0|-0,08682147|0
0|0|-0,08463892|0
0|0|-0,06047382|0
0|0|-0,03827853|0
0|0|-0,01132668|0
0|0|-0,005333958|0
0|0|-0,001280236|0
0|0|0|0
0|0|0|0
0|0|0|0
0|0|0|0
0|0|0|0
0|0|0|0
0|0|0|0
0|0|0|0
0|0|0|0
0|0|0|0
0|0|0|0
0|0|0|0
0|0|0|0
0|0|0|0
0|0|0|0
0|0|0|0
0|0|0|0
0|0|0|0
0|0|0|0
0|0|0|0
0|0|0|0
0|0|0|0
0|0|0|0
0|0|0|0
0|0|0|0
0|0|0|0
0|0|0|0
0|0|0|0
0|0|0|0
0|0|0|0
0|0|0|0
0|0|0|0
0|0|0|0
0|0|0|0
0|0|0|0
0|0|0|0
0|0|0|0
0|0|0|0
0|0|0|0
0|0|0|0
0|0|0|0
0|0|0|0
0|0|0|0
0|0|0|0
0|0|0|0
0|0|0|0
0|0|0|0
0|0|0|0
0|0|0|0
0|0|0|0
0|0|0|0
0|0|0|0
0|0|0|0
0|0|0|0
0|0|0|0
0|0|0|0
0|0|0|0
0|0|0|0
0|0|0|0
0|0|0|0
0|0|0|0
0|0|0|0
0|0|0|0
0|0|0|0
0|0|0|0
0|0|0|0
0|0|0|0
0|0|0|0
0|0|0|0
0|0|0|0
0|0|0|0
0|0|0|0
0|0|0|0
0|0|0|0
0|0|0|0
0|0|0|0
0|0|0|0
0|0|0|0
0|0|0|0
0|0|0|0
0|0|0|0
0|0|0|0
0|0|0|0
0|0|0|0
0|0|0|0
0|0|0|0
0|0|0|0
0|0|0|0
0|0|0|0
0|0|0|0
0|0|0|0
0|0|0|0
0|0|0|0
0|0|0|0
0|0|0|0
0|0|0|0
0|0|0|0
0|0|0|0
0|0|0|0
0|0|0|0
0|0|0|0
0|0|0|0
0|0|0|0
0|0|0|0
0|0|0|0
0|0|0|0
0|0|0|0
0|0|0|0
0|0|0|0
0|0|0|0
0|0|0|0
0|0|0|0
0|0|0|0
0|0|0|0
0|0|0|0
0|0|0|0
0|0|0|0
0|0|0|0
0|0|0|0
0|0|0|0
0|0|0|0
0|0|0|0
0|0|0|0
0|0|0|0
0|0|0|0
0|0|0|0
0|0|0|0
0|0|0|0
0|0|0|0
0|0|0|0
0|0|0|0
0|0|0|0
0|0|0|0
0|0|0|0
0|0|0|0
0|0|0|0
0|0|0|0
0|0|0|0
0|0|0|0
0|0|0|0
0|0|0|0
0|0|0|0
0|0|0|0
0|0|0|0
0|0|0|0
0|0|0|0
0|0|0|0
0|0|0|0
0|0|0|0
0|0|0|0
0|0|0|0
0|0|0|0
0|0|0|0
0|0|0|0
0|0|0|0
0|0|0|0
0|0|0|0
0|0|0|0
0|0|0|0
0|0|0|0
0|0|0|0
0|0|0|0
0|0|0|0
0|0|0|0
0|0|0|0
0|0|0|0
0|0|0|0
0|0|0|0
0|0|0|0
0|0|0|0
0|0|0|0
0|0|0|0
0|0|